0.418501 0.492107 0.969212
0.431106 0.487254 0.976129
0.442825 0.488976 0.966373
0.442241 0.497262 0.957161
0.429767 0.472303 0.980227
0.453476 0.481234 0.968437
0.464903 0.482150 0.959437
0.460313 0.475696 0.946459
0.450758 0.467813 0.946429
0.476894 0.474528 0.965105
0.466625 0.479421 0.935304
0.463182 0.473300 0.922538
0.466424 0.458480 0.924189
0.458158 0.449973 0.921179
0.471337 0.479653 0.911171
0.465638 0.493083 0.906832
0.454836 0.496990 0.912238
0.471770 0.499648 0.897892
0.478092 0.455530 0.929998
0.482260 0.441677 0.932374
0.471075 0.434388 0.940147
0.466776 0.423394 0.936190
0.495409 0.441476 0.940388
0.502155 0.427793 0.941325
0.507199 0.422880 0.927904
0.516370 0.428911 0.921924
0.501208 0.411957 0.922920
0.465840 0.440811 0.950657
0.454997 0.434720 0.958631
0.442714 0.431629 0.949792
0.436995 0.420695 0.950718
0.450748 0.443872 0.970431
0.459567 0.443006 0.982975
0.454221 0.451866 0.994473
0.460363 0.462014 0.998097
0.442613 0.448181 1.000000
0.438697 0.441204 0.941284
0.427068 0.439341 0.932435
0.429273 0.427461 0.923172
0.420031 0.419417 0.921078
0.424411 0.451805 0.923837
0.417816 0.463877 0.930532
0.413517 0.473693 0.919739
0.405574 0.459306 0.938344
0.441496 0.426243 0.917705
0.444627 0.415239 0.908634
0.443439 0.401687 0.915742
0.437791 0.392133 0.910154
0.458530 0.416819 0.902785
0.461672 0.406590 0.892183
0.456738 0.408121 0.879156
0.469212 0.395143 0.895274
0.459255 0.398395 0.869380
0.471810 0.385327 0.885599
0.466857 0.386918 0.872652
0.448372 0.400791 0.928176
0.447395 0.388166 0.935606
0.432827 0.383716 0.938133
0.430280 0.371846 0.940620
0.455450 0.388690 0.948684
0.469585 0.382367 0.947305
0.481002 0.392123 0.950547
0.482160 0.402322 0.943268
0.488815 0.389495 0.960212
0.423313 0.393190 0.937539
0.409037 0.389868 0.939180
0.404567 0.382860 0.926182
0.397992 0.372168 0.926474
0.400681 0.402583 0.941063
0.403318 0.409490 0.954010
0.395999 0.422780 0.955027
0.396633 0.427793 0.969655
0.392455 0.442170 0.971226
0.408312 0.388871 0.914745
0.404818 0.383283 0.901647
0.410235 0.368846 0.900681
0.403600 0.359926 0.895083
0.410316 0.392093 0.889958
0.407174 0.385740 0.876397
0.404275 0.405906 0.890693
0.421994 0.366329 0.906419
0.427350 0.352768 0.905855
0.418330 0.342821 0.913386
0.414423 0.332380 0.908030
0.441667 0.352234 0.911393
0.446107 0.337525 0.913376
0.451090 0.359543 0.901687
0.414312 0.346687 0.925508
0.405936 0.338391 0.934166
0.391942 0.335672 0.928176
0.386364 0.324628 0.929646
0.404949 0.345237 0.947969
0.403077 0.335642 0.959668
0.413920 0.324860 0.960252
0.425045 0.327145 0.954513
0.411252 0.314057 0.966353
0.386455 0.345670 0.921239
0.373105 0.344582 0.915057
0.373789 0.335572 0.902563
0.365161 0.326732 0.900499
0.367517 0.359020 0.911564
0.365836 0.367044 0.924632
0.354258 0.358285 0.903620
0.367155 0.381904 0.923041
0.384340 0.337525 0.894489
0.386314 0.329622 0.882226
0.393210 0.316090 0.884502
0.395254 0.308378 0.875078
0.393935 0.337817 0.871705
0.386425 0.350523 0.867507
0.394378 0.357570 0.856835
0.372511 0.346888 0.862372
0.396049 0.312818 0.897127
0.402583 0.300022 0.900248
0.394579 0.287608 0.895476
0.400449 0.277943 0.890572
0.406208 0.299187 0.915269
0.417876 0.289813 0.918179
0.423887 0.291807 0.932002
0.432425 0.279494 0.935233
0.439573 0.279705 0.948392
0.381078 0.287921 0.896251
0.373366 0.276222 0.891680
0.375269 0.272879 0.876910
0.370084 0.262660 0.872370
0.358889 0.280319 0.894590
0.360369 0.288152 0.906983
0.372138 0.297243 0.903429
0.381773 0.281940 0.869319
0.384693 0.279725 0.854942
0.398093 0.272396 0.853362
0.400540 0.266224 0.843012
0.385820 0.292955 0.847180
0.372742 0.299589 0.844311
0.366359 0.307291 0.854097
0.366994 0.298673 0.831686
0.354449 0.314077 0.851398
0.354922 0.305499 0.828816
0.348670 0.313231 0.838773
0.406882 0.273745 0.863409
0.420122 0.267463 0.863278
0.419457 0.252290 0.866178
0.422629 0.247740 0.877283
0.429424 0.274420 0.873377
0.443701 0.269063 0.872843
0.448503 0.265590 0.861758
0.450235 0.268298 0.883495
0.415460 0.244488 0.856030
0.414242 0.229869 0.857328
0.427652 0.222550 0.856201
0.437177 0.227554 0.850180
0.403993 0.224443 0.847170
0.390190 0.231359 0.847985
0.379387 0.222047 0.842438
0.386908 0.235024 0.862564
0.428065 0.210559 0.862060
0.440036 0.202072 0.862473
0.439915 0.190967 0.851902
0.429334 0.187252 0.847009
0.441033 0.195558 0.876568
0.429817 0.187021 0.879478
0.451594 0.185319 0.848660
0.452067 0.174224 0.838995
0.442502 0.163230 0.843797
0.436089 0.156404 0.835703
0.466162 0.167972 0.838038
0.465930 0.155609 0.828806
0.476049 0.178322 0.832813
0.441224 0.161790 0.857036
0.432384 0.151451 0.862393
0.417897 0.155005 0.858899
0.410054 0.146125 0.855134
0.433844 0.149286 0.877877
0.424854 0.137517 0.882176
0.448644 0.146457 0.881743
0.414413 0.167932 0.859433
0.400660 0.171818 0.856241
0.397278 0.167398 0.842025
0.387512 0.160149 0.839901
0.398476 0.186930 0.858083
0.398234 0.191108 0.872793
0.394801 0.182722 0.881471
0.401275 0.202918 0.875732
0.405815 0.170982 0.832410
0.403550 0.167227 0.818426
0.403057 0.152005 0.816423
0.394539 0.147041 0.809003
0.413980 0.173952 0.809395
0.412843 0.189024 0.809848
0.400580 0.195236 0.807432
0.423786 0.197058 0.813191
0.399140 0.209039 0.808429
0.422457 0.210972 0.814157
0.410003 0.216821 0.811791
0.408131 0.230353 0.813110
0.411916 0.144554 0.823188
0.411715 0.129815 0.822111
0.397147 0.125214 0.824900
0.391468 0.117170 0.817480
0.421561 0.123331 0.832229
0.436472 0.127117 0.829934
0.446429 0.121479 0.840525
0.442674 0.119828 0.852466
0.458299 0.119123 0.837001
0.390864 0.131305 0.834998
0.377122 0.128144 0.838844
0.366480 0.132594 0.828685
0.357640 0.124670 0.825252
0.373890 0.134587 0.852214
0.360399 0.130560 0.857580
0.362010 0.122184 0.869913
0.370829 0.126110 0.878239
0.354832 0.111693 0.871091
0.366692 0.145319 0.824427
0.356755 0.149920 0.814439
0.357177 0.139470 0.803083
0.347079 0.132986 0.799992
0.360027 0.164146 0.808801
0.356553 0.174939 0.819161
0.352637 0.166714 0.795693
0.368071 0.178674 0.828333
0.369279 0.137114 0.797858
0.371544 0.127187 0.787306
0.365675 0.113515 0.791052
0.358365 0.107505 0.783098
0.386596 0.125868 0.784659
0.391398 0.111220 0.775648
0.368353 0.109025 0.803355
0.363460 0.096098 0.808499
0.348217 0.095192 0.808439
0.342589 0.085033 0.804331
0.368363 0.094044 0.822846
0.373648 0.080170 0.825202
0.382941 0.076224 0.817721
0.368665 0.073314 0.834484
0.341653 0.105652 0.813624
0.326944 0.106598 0.813976
0.321567 0.107605 0.799489
0.311681 0.101061 0.795904
0.322574 0.119143 0.822091
0.322886 0.117331 0.837223
0.322161 0.130540 0.844794
0.322997 0.128385 0.859332
0.312516 0.128859 0.867779
0.300213 0.131667 0.863238
0.314127 0.125536 0.880716
0.328343 0.115649 0.791173
0.324386 0.117472 0.777198
0.323863 0.103729 0.770211
0.313282 0.099722 0.765107
0.334213 0.126966 0.770060
0.330779 0.129734 0.755361
0.341985 0.141896 0.747297
0.335733 0.156978 0.755079
0.335139 0.096470 0.770342
0.335642 0.083221 0.764231
0.324507 0.074401 0.769657
0.318376 0.066710 0.762227
0.321608 0.075610 0.782635
0.310825 0.067737 0.788716
0.297495 0.070858 0.781387
0.289642 0.061605 0.778698
0.309717 0.070656 0.804009
0.321769 0.065854 0.812788
0.322856 0.073012 0.826732
0.312416 0.075912 0.833246
0.334283 0.075902 0.831263
0.295129 0.083664 0.777792
0.282625 0.087842 0.770825
0.281507 0.083483 0.756297
0.270664 0.079627 0.751878
0.280682 0.103034 0.771288
0.281296 0.107797 0.784659
0.292461 0.084469 0.748696
0.292290 0.080472 0.734601
0.288505 0.065622 0.732900
0.279947 0.062340 0.724402
0.305821 0.083261 0.727956
0.309345 0.097900 0.726587
0.325152 0.100004 0.718311
0.325655 0.117532 0.715734
0.294535 0.056601 0.740884
0.290901 0.042436 0.739504
0.276282 0.039869 0.743622
0.269849 0.030697 0.738427
0.300777 0.032872 0.746542
0.301663 0.033667 0.761633
0.302207 0.019501 0.767634
0.288998 0.015545 0.772819
0.286118 0.014196 0.785887
0.295592 0.016441 0.795159
0.273886 0.010138 0.789713
0.270906 0.048195 0.752643
0.256791 0.047077 0.756750
0.247710 0.051809 0.745193
0.236856 0.046201 0.743149
0.253760 0.055846 0.769063
0.257566 0.051497 0.783299
0.252693 0.062290 0.793075
0.251425 0.037905 0.786884
0.252160 0.062159 0.737823
0.244297 0.067586 0.726688
0.243310 0.058434 0.714435
0.234178 0.059904 0.706109
0.253025 0.049282 0.713036
0.253277 0.039758 0.701770
0.243874 0.028029 0.704972
0.239625 0.020589 0.696021
0.267674 0.034684 0.699142
0.278165 0.045537 0.695880
0.292079 0.040543 0.698588
0.277118 0.050309 0.681523
0.240330 0.026750 0.717778
0.231450 0.016119 0.722379
0.216751 0.020619 0.721745
0.213197 0.031694 0.726094
0.234833 0.012132 0.736846
0.248394 0.005507 0.739212
0.248314 -0.002930 0.752109
0.249471 -0.015223 0.751555
0.246391 0.003564 0.763677
0.208123 0.011679 0.716842
0.193826 0.014608 0.715643
0.187101 0.016421 0.729295
0.179892 0.026388 0.731571
0.186799 0.003473 0.707750
0.192950 0.001601 0.693917
0.186849 -0.010158 0.686275
0.172563 -0.006997 0.681705
0.170066 -0.011830 0.667660
0.189840 0.007168 0.738598
0.183597 0.007933 0.751878
0.188400 0.019693 0.760335
0.182591 0.022461 0.770946
0.185581 -0.005215 0.759459
0.198931 -0.009836 0.758090
0.198619 0.026921 0.755502
0.204146 0.038218 0.763043
0.207589 0.050873 0.755170
0.215150 0.059259 0.760244
0.216801 0.034009 0.770986
0.226084 0.027445 0.762167
0.213298 0.024394 0.782011
0.202293 0.052423 0.742958
0.205042 0.064656 0.735095
0.196635 0.076556 0.740290
0.201840 0.087540 0.743028
0.201901 0.062572 0.720164
0.201448 0.075821 0.712432
0.191118 0.082758 0.712472
0.212663 0.079526 0.705938
0.183597 0.073958 0.741991
0.173882 0.083875 0.746652
0.176419 0.088728 0.761090
0.169070 0.097175 0.766244
0.159727 0.077965 0.745374
0.148098 0.087792 0.747800
0.134617 0.080623 0.748243
0.131164 0.075287 0.759106
0.127630 0.080039 0.737732
0.186517 0.083271 0.767835
0.189326 0.087862 0.781397
0.203703 0.093138 0.782021
0.209442 0.094507 0.792995
0.187141 0.076536 0.791636
0.209502 0.095866 0.770211
0.223174 0.101132 0.769215
0.222963 0.114602 0.762066
0.214808 0.116757 0.752895
0.232175 0.091758 0.761160
0.244005 0.098705 0.757113
0.232114 0.123533 0.766023
0.232789 0.136611 0.759741
0.239957 0.135755 0.746230
0.236866 0.143527 0.736967
0.239454 0.146820 0.768973
0.252250 0.142410 0.773151
0.249310 0.126231 0.744850
0.256438 0.124751 0.732064
0.249049 0.115106 0.722711
0.250750 0.102833 0.723456
0.271349 0.121006 0.733947
0.278487 0.132553 0.741196
0.277792 0.118106 0.720315
0.293639 0.131285 0.742021
0.241367 0.121106 0.713489
0.232759 0.113968 0.703854
0.238477 0.103981 0.693847
0.231118 0.094980 0.689537
0.223808 0.123915 0.696454
0.214415 0.131325 0.705817
0.204972 0.121630 0.712573
0.201840 0.125939 0.726668
0.194632 0.114884 0.733695
0.251012 0.106085 0.689447
0.257928 0.097034 0.680064
0.249904 0.093651 0.667509
0.249492 0.081892 0.663421
0.261503 0.083755 0.687101
0.269335 0.085053 0.700038
0.285726 0.091396 0.697400
0.294263 0.076818 0.697109
0.244206 0.103860 0.660945
0.236091 0.101565 0.648873
0.244025 0.095584 0.637114
0.253690 0.101796 0.632342
0.229819 0.114713 0.643769
0.221271 0.121942 0.653817
0.208556 0.117230 0.657059
0.225691 0.133903 0.659555
0.200290 0.124439 0.665878
0.217566 0.141061 0.668274
0.204800 0.136319 0.671425
0.240310 0.083392 0.632463
0.247730 0.077744 0.621076
0.244226 0.086453 0.608944
0.232648 0.090611 0.607303
0.241800 0.063629 0.619767
0.227936 0.065260 0.625083
0.230071 0.073838 0.637275
0.254425 0.089936 0.601031
0.252613 0.098343 0.589151
0.249653 0.090168 0.576334
0.246612 0.095906 0.565733
0.265338 0.106498 0.587016
0.275970 0.097688 0.583493
0.250780 0.076858 0.577311
0.248686 0.067847 0.565924
0.259147 0.069418 0.554689
0.257123 0.064807 0.543403
0.234279 0.068703 0.560598
0.224463 0.060387 0.568572
0.217939 0.065663 0.579667
0.221936 0.047138 0.565129
0.209140 0.057981 0.587178
0.213197 0.039315 0.572589
0.206774 0.044772 0.583664
0.198045 0.037009 0.591205
0.270030 0.076586 0.557699
0.281095 0.077875 0.548215
0.289803 0.066317 0.553108
0.295572 0.067002 0.564072
0.289350 0.090802 0.549977
0.301754 0.090168 0.541127
0.281175 0.102883 0.546121
0.289743 0.055262 0.545698
0.297707 0.043735 0.549705
0.312144 0.043926 0.544087
0.321819 0.042607 0.551749
0.290176 0.030707 0.546443
0.286159 0.030777 0.532580
0.277601 0.029740 0.555101
0.313644 0.046775 0.531100
0.326944 0.047128 0.524727
0.331273 0.061404 0.520357
0.324537 0.067777 0.512041
0.327236 0.037543 0.512605
0.342780 0.066085 0.525532
0.348016 0.079466 0.522169
0.353221 0.080654 0.507742
0.359906 0.071593 0.502537
0.359473 0.083744 0.531714
0.369047 0.073032 0.532660
0.353946 0.087278 0.545758
0.350593 0.092222 0.501309
0.354902 0.094859 0.487496
0.369742 0.092020 0.484898
0.378713 0.097175 0.491795
0.351217 0.109669 0.485684
0.338189 0.110575 0.493617
0.342347 0.103488 0.506443
0.372078 0.083724 0.474669
0.385659 0.079607 0.470562
0.392173 0.088788 0.459990
0.404436 0.088658 0.458228
0.385065 0.065230 0.465155
0.373477 0.063216 0.455500
0.371564 0.071200 0.446228
0.365302 0.052967 0.457967
0.383928 0.096319 0.452550
0.389405 0.105340 0.442452
0.386364 0.101454 0.428025
0.388680 0.109528 0.418863
0.381270 0.089282 0.425810
0.377857 0.084791 0.412178
0.364728 0.091517 0.407436
0.361305 0.091235 0.395486
0.376175 0.069247 0.411725
0.364456 0.065220 0.419367
0.388891 0.062421 0.417454
0.357308 0.097286 0.417031
0.344542 0.104112 0.414333
0.345640 0.114180 0.402614
0.355325 0.122103 0.401969
0.339629 0.111290 0.427038
0.337918 0.102259 0.439482
0.349989 0.102471 0.448684
0.357268 0.112629 0.448634
0.352375 0.092614 0.456064
0.335693 0.113686 0.393502
0.334958 0.122314 0.381491
0.321567 0.129543 0.380454
0.311208 0.124278 0.384612
0.336871 0.113958 0.368504
0.327789 0.102632 0.368474
0.351398 0.108964 0.367608
0.321829 0.141735 0.375058
0.309546 0.149598 0.373689
0.311348 0.164237 0.377887
0.322846 0.169019 0.379760
0.299972 0.171405 0.378864
0.299408 0.185661 0.382951
0.287256 0.186849 0.392505
0.275970 0.183104 0.388710
0.297183 0.194833 0.370688
0.296649 0.209905 0.374494
0.287457 0.217375 0.370326
0.306637 0.214425 0.382256
0.289501 0.191601 0.404869
0.278618 0.192719 0.414655
0.278406 0.206300 0.421521
0.288243 0.213670 0.421128
0.280249 0.181936 0.425508
0.282514 0.168073 0.420041
0.294445 0.164912 0.413265
0.272738 0.158156 0.421642
0.296639 0.152085 0.408111
0.274752 0.145239 0.416578
0.286793 0.142148 0.409752
0.267030 0.209532 0.427763
0.265379 0.222047 0.435223
0.267070 0.217989 0.449832
0.265902 0.206099 0.453134
0.251253 0.227956 0.433220
0.247035 0.232598 0.419105
0.232980 0.238085 0.419940
0.256499 0.243129 0.413507
0.269698 0.227644 0.458631
0.271419 0.224553 0.472837
0.268540 0.237128 0.480831
0.273765 0.247871 0.477518
0.285655 0.219822 0.475465
0.259751 0.236011 0.490848
0.256348 0.247478 0.499406
0.262882 0.245172 0.513068
0.266738 0.233806 0.516280
0.241065 0.248575 0.501198
0.232145 0.252552 0.489207
0.217436 0.252149 0.493275
0.235709 0.266687 0.484495
0.264100 0.255794 0.521122
0.269919 0.254646 0.534664
0.260727 0.262952 0.543674
0.258381 0.274631 0.540523
0.284276 0.260536 0.534986
0.293075 0.254193 0.545869
0.287548 0.248686 0.555806
0.305590 0.254536 0.544500
0.254878 0.256871 0.554135
0.245907 0.264372 0.563256
0.247871 0.261110 0.578338
0.248102 0.249361 0.582375
0.230967 0.262509 0.559320
0.220506 0.271137 0.566981
0.222872 0.286038 0.564132
0.206200 0.267432 0.563216
0.249230 0.271611 0.586563
0.250951 0.269627 0.600930
0.263808 0.275738 0.606427
0.263798 0.281336 0.617593
0.274671 0.274812 0.598474
0.287820 0.280078 0.602370
0.288555 0.295280 0.603024
0.278094 0.301955 0.603226
0.300848 0.300707 0.603095
0.303304 0.315255 0.603769
0.296962 0.322665 0.591819
0.291918 0.333890 0.593430
0.318678 0.318809 0.604444
0.324960 0.312647 0.616042
0.320369 0.334092 0.605239
0.297394 0.316654 0.579838
0.291324 0.323017 0.567998
0.286269 0.313503 0.556873
0.292501 0.303123 0.553561
0.300093 0.334454 0.562370
0.314651 0.330477 0.560518
0.323732 0.338340 0.563357
0.316986 0.318567 0.555071
0.274540 0.317178 0.551588
0.267453 0.309788 0.541178
0.274792 0.308902 0.527666
0.274983 0.318607 0.519874
0.253529 0.316262 0.539426
0.245072 0.310342 0.528452
0.240974 0.297133 0.528915
0.241639 0.317933 0.517266
0.233776 0.291505 0.518434
0.234390 0.312476 0.506745
0.230504 0.299227 0.507360
0.223396 0.293639 0.496778
0.280752 0.297274 0.524787
0.287770 0.295431 0.511991
0.279665 0.287629 0.501611
0.273534 0.277259 0.504671
0.301442 0.288565 0.513662
0.312909 0.297787 0.517971
0.326430 0.292622 0.512504
0.328132 0.278094 0.514468
0.339005 0.271087 0.510823
0.349254 0.277269 0.504863
0.339830 0.257918 0.513622
0.279816 0.292793 0.489288
0.272960 0.286712 0.477951
0.284105 0.283038 0.468256
0.290679 0.291857 0.462789
0.263335 0.296609 0.471357
0.258704 0.291062 0.457856
0.251133 0.298814 0.480589
0.286310 0.270000 0.466343
0.297223 0.265268 0.457785
0.292894 0.257556 0.445261
0.280893 0.255885 0.442573
0.307130 0.256811 0.466041
0.312003 0.262479 0.479572
0.300727 0.261311 0.489831
0.324306 0.254898 0.484596
0.302891 0.253519 0.437368
0.300858 0.246129 0.424854
0.313594 0.238195 0.423082
0.324487 0.244025 0.422125
0.299307 0.255693 0.412953
0.297082 0.248183 0.401093
0.312325 0.224966 0.422518
0.324064 0.216489 0.421501
0.323802 0.207458 0.409128
0.313060 0.203008 0.404527
0.325665 0.207619 0.434358
0.340082 0.202354 0.435193
0.321920 0.215613 0.447265
0.335803 0.204810 0.403882
0.337797 0.196293 0.392173
0.348690 0.186326 0.396281
0.359785 0.190212 0.400479
0.342277 0.204750 0.380031
0.330608 0.208999 0.372682
0.351982 0.196937 0.370860
0.345408 0.173439 0.395556
0.354862 0.163029 0.399442
0.356755 0.154411 0.386928
0.347643 0.153495 0.378471
0.348620 0.154602 0.410658
0.340002 0.162435 0.420685
0.329299 0.153424 0.426142
0.348428 0.168093 0.431790
0.368755 0.148602 0.385569
0.372450 0.139802 0.374303
0.384582 0.132272 0.380192
0.395616 0.138091 0.380817
0.377273 0.148320 0.362372
0.371655 0.162878 0.362000
0.380495 0.172835 0.354177
0.392657 0.174244 0.357520
0.375169 0.179278 0.344693
0.382709 0.119959 0.385226
0.394026 0.112679 0.391237
0.401144 0.101655 0.383152
0.397580 0.099611 0.371272
0.425820 0.114008 0.379719
0.424038 0.126342 0.371373
0.430411 0.137990 0.378823
0.439986 0.135997 0.386515
0.424511 0.149870 0.377696
0.430260 0.161639 0.384250
0.423535 0.165717 0.397610
0.415420 0.158287 0.403490
0.430079 0.173640 0.374313
0.427079 0.177748 0.402241
0.421491 0.183346 0.414484
0.407557 0.188833 0.411191
0.405644 0.195447 0.400801
0.430421 0.194753 0.419054
0.444003 0.190665 0.417403
0.397580 0.185984 0.419810
0.384038 0.191048 0.417071
0.383434 0.206160 0.415229
0.388015 0.213700 0.424008
0.376004 0.186608 0.429505
0.386767 0.184433 0.440096
0.397701 0.177788 0.432133
0.378441 0.210247 0.403439
0.376196 0.224352 0.399734
0.365222 0.229416 0.409107
0.355707 0.222057 0.412359
0.371323 0.225329 0.385025
0.363087 0.238065 0.380907
0.347844 0.237571 0.384794
0.339116 0.246562 0.376739
0.339408 0.260023 0.377132
0.348016 0.266567 0.385085
0.330719 0.267110 0.369873
0.366128 0.242152 0.412953
0.356402 0.248112 0.422175
0.354419 0.262761 0.418199
0.361980 0.268208 0.410114
0.361416 0.247105 0.437247
0.364970 0.232416 0.440761
0.350694 0.252603 0.447154
0.370215 0.230463 0.454866
0.343606 0.268671 0.423263
0.339941 0.282675 0.420947
0.330226 0.284739 0.432555
0.323349 0.275195 0.436442
0.332783 0.284145 0.407476
0.329783 0.296750 0.438465
0.320802 0.298764 0.449882
0.317852 0.313151 0.453617
0.324588 0.322383 0.449077
0.326964 0.292139 0.462296
0.341190 0.297173 0.465377
0.346405 0.292189 0.478787
0.352687 0.281246 0.479250
0.344190 0.299197 0.488966
0.308399 0.314651 0.462960
0.304251 0.327538 0.468548
0.300163 0.325786 0.483388
0.298502 0.314500 0.488341
0.292391 0.333407 0.460735
0.295894 0.338210 0.446952
0.286803 0.349687 0.442956
0.288213 0.352516 0.428649
0.279544 0.359543 0.421350
0.268490 0.364648 0.426887
0.282011 0.361376 0.408342
0.298512 0.337072 0.490355
0.294424 0.337142 0.504380
0.283571 0.347905 0.505054
0.285977 0.359483 0.501027
0.306335 0.340988 0.513290
0.316473 0.330689 0.512373
0.302016 0.342629 0.527646
0.271419 0.343988 0.509081
0.260264 0.353442 0.510048
0.256912 0.356573 0.524686
0.255885 0.347472 0.533244
0.247699 0.347724 0.503161
0.247639 0.348157 0.487888
0.253237 0.337716 0.480287
0.241367 0.358748 0.481093
0.252502 0.337807 0.466313
0.240592 0.358949 0.467139
0.246129 0.348489 0.459789
0.245102 0.348801 0.445986
0.255351 0.369440 0.527656
0.251918 0.373598 0.541268
0.237179 0.369923 0.542819
0.229749 0.370235 0.532932
0.253186 0.388790 0.542506
0.240914 0.396885 0.531704
0.232960 0.366319 0.555041
0.218946 0.362715 0.557638
0.212965 0.372883 0.567445
0.218805 0.375491 0.578016
0.217858 0.348449 0.563579
0.222721 0.338079 0.553370
0.203451 0.345187 0.567193
0.220808 0.323601 0.558031
0.201216 0.378783 0.564112
0.194884 0.388670 0.573093
0.190736 0.382629 0.586745
0.184604 0.371967 0.587449
0.182651 0.393321 0.564968
0.186678 0.390774 0.550601
0.193474 0.377424 0.551527
0.193675 0.389868 0.597547
0.190474 0.385277 0.611099
0.176419 0.379347 0.612146
0.174466 0.369289 0.619052
0.192236 0.396815 0.621298
0.166683 0.385478 0.605310
0.152770 0.380484 0.605662
0.151672 0.366279 0.599611
0.146397 0.357067 0.605974
0.143024 0.390129 0.598373
0.146920 0.393291 0.583755
0.135070 0.397701 0.575197
0.125113 0.389868 0.574331
0.135745 0.408815 0.569166
0.157149 0.364436 0.587580
0.156676 0.351449 0.580774
0.159002 0.339176 0.589976
0.152296 0.328826 0.588416
0.167096 0.351328 0.569378
0.161166 0.351398 0.555242
0.149538 0.361194 0.554054
0.142782 0.360057 0.540292
0.130268 0.368373 0.539627
0.167861 0.340596 0.599934
0.171456 0.329551 0.609015
0.162384 0.326692 0.620814
0.164710 0.317087 0.628275
0.185722 0.331545 0.614079
0.196233 0.329279 0.603387
0.209452 0.340656 0.606276
0.214818 0.335834 0.623140
0.152115 0.335058 0.622536
0.142440 0.333488 0.633429
0.127801 0.333921 0.628647
0.118640 0.331303 0.636480
0.144796 0.344280 0.643990
0.154995 0.353382 0.639732
0.125556 0.337183 0.615861
0.111904 0.337626 0.610565
0.106981 0.323631 0.606588
0.110676 0.313604 0.612921
0.098776 0.322685 0.596037
0.093762 0.309566 0.591758
0.104545 0.301432 0.584177
0.114149 0.307140 0.578741
0.080724 0.310916 0.583503
0.083030 0.317047 0.570787
0.102702 0.288152 0.583775
0.112186 0.279272 0.577190
0.112247 0.281457 0.562270
0.122989 0.282192 0.555947
0.100125 0.282323 0.556662
0.098031 0.284548 0.542194
0.105058 0.297747 0.537946
0.111079 0.298623 0.527143
0.082617 0.285051 0.538802
0.076244 0.295914 0.545990
0.075942 0.271903 0.542970
0.104645 0.307754 0.546826
0.111059 0.320631 0.544198
0.126603 0.319262 0.543986
0.133460 0.325766 0.535721
0.106488 0.330981 0.554608
0.132231 0.311147 0.553088
0.146799 0.309113 0.553138
0.150212 0.300515 0.540805
0.158226 0.304543 0.532217
0.151421 0.302177 0.566146
0.166402 0.299015 0.568663
0.174557 0.312033 0.570213
0.167731 0.290548 0.581278
0.143527 0.288988 0.539446
0.146054 0.280209 0.527958
0.143155 0.286622 0.514407
0.148440 0.282313 0.503937
0.138906 0.266828 0.529670
0.146769 0.257103 0.537905
0.156807 0.249431 0.532036
0.144856 0.256267 0.551719
0.164821 0.241216 0.539687
0.152951 0.248012 0.559420
0.162948 0.240501 0.553350
0.134678 0.296992 0.514629
0.131577 0.304512 0.502436
0.144142 0.313120 0.499617
0.149568 0.312909 0.488412
0.119153 0.313412 0.504420
0.115337 0.320973 0.491936
0.102118 0.327950 0.493506
0.099551 0.336740 0.481374
0.087218 0.344905 0.482854
0.149145 0.320017 0.509987
0.161045 0.328353 0.508387
0.172452 0.319896 0.502144
0.178715 0.323943 0.492107
0.165405 0.334414 0.521918
0.177446 0.343606 0.520629
0.175936 0.357198 0.517266
0.190454 0.338491 0.521777
0.187121 0.365352 0.514961
0.201538 0.346445 0.519542
0.199847 0.359765 0.516099
0.211073 0.367205 0.513541
0.174748 0.307925 0.507772
0.185339 0.298895 0.502738
0.184342 0.297515 0.487445
0.194108 0.300415 0.480207
0.184604 0.284638 0.509474
0.187705 0.285675 0.524515
0.194259 0.275014 0.502769
0.201317 0.290740 0.527304
0.172533 0.293448 0.482562
0.170489 0.291948 0.468085
0.172261 0.305559 0.460685
0.179802 0.306254 0.450829
0.156767 0.285967 0.465256
0.165677 0.316262 0.465628
0.166502 0.329833 0.459708
0.181302 0.332491 0.456124
0.184685 0.335240 0.444546
0.161670 0.340324 0.470119
0.158136 0.354650 0.464833
0.170237 0.364406 0.463343
0.176661 0.364205 0.452389
0.172956 0.372531 0.472867
0.189960 0.330528 0.466182
0.204529 0.332360 0.465246
0.211626 0.323349 0.454886
0.218130 0.328424 0.445573
0.210811 0.330397 0.479190
0.212321 0.343213 0.485704
0.224201 0.323329 0.478233
0.210730 0.310070 0.456628
0.216962 0.300485 0.447194
0.213720 0.303939 0.432495
0.222459 0.302851 0.423696
0.212059 0.286149 0.450214
0.214677 0.275054 0.439855
0.229728 0.272597 0.438415
0.207468 0.262248 0.444103
0.201267 0.308268 0.430018
0.196867 0.311771 0.416427
0.205797 0.322735 0.410497
0.210569 0.321547 0.398949
0.182289 0.316332 0.416507
0.208244 0.333206 0.418561
0.216731 0.344552 0.414383
0.230091 0.338944 0.409107
0.233917 0.341331 0.397660
0.219077 0.353936 0.426394
0.225903 0.367004 0.422498
0.219117 0.375914 0.416578
0.238095 0.368333 0.425448
0.236444 0.330558 0.417293
0.249240 0.323974 0.414131
0.248273 0.316815 0.400560
0.256690 0.318899 0.391670
0.252391 0.313906 0.425427
0.265620 0.306868 0.424098
0.277470 0.313412 0.427209
0.266174 0.293418 0.420152
0.289763 0.306687 0.426434
0.278306 0.286642 0.419326
0.290196 0.293287 0.422488
0.237712 0.308801 0.398758
0.235850 0.301381 0.386233
0.234289 0.310754 0.374182
0.239957 0.308097 0.363419
0.223849 0.291857 0.387421
0.225953 0.281276 0.398466
0.213509 0.272517 0.399986
0.238135 0.272748 0.394992
0.226869 0.321769 0.375894
0.225097 0.331464 0.364899
0.238477 0.338552 0.362060
0.244065 0.337213 0.351187
0.214083 0.341723 0.368192
0.243934 0.345509 0.372027
0.256730 0.352586 0.370205
0.268198 0.344109 0.363883
0.275799 0.349083 0.355375
0.261573 0.358627 0.383606
0.253116 0.370568 0.388136
0.249703 0.379347 0.380102
0.249924 0.371081 0.401093
0.269537 0.331444 0.368071
0.280249 0.322786 0.362785
0.276202 0.317117 0.349022
0.283833 0.309758 0.342529
0.283843 0.311580 0.372984
0.290881 0.317087 0.385921
0.303224 0.315798 0.387723
0.283007 0.323269 0.394801
0.264009 0.320611 0.344693
0.258925 0.316171 0.331706
0.257395 0.301039 0.330397
0.261341 0.295260 0.320158
0.251173 0.294636 0.340465
0.249039 0.280017 0.340394
0.236091 0.276192 0.347855
0.236252 0.267473 0.356604
0.261160 0.272799 0.346838
0.265077 0.278628 0.360691
0.276494 0.268469 0.370970
0.270654 0.272849 0.387572
0.224856 0.282424 0.344129
0.211898 0.279514 0.350533
0.204669 0.266295 0.346163
0.204216 0.256660 0.353976
0.202455 0.291626 0.349002
0.199072 0.265771 0.333911
0.191762 0.253760 0.328937
0.199253 0.240219 0.330649
0.193152 0.229366 0.329088
0.187896 0.255643 0.313976
0.178211 0.244478 0.308519
0.172281 0.236434 0.316332
0.176157 0.244005 0.296065
0.212472 0.240622 0.333105
0.219952 0.228087 0.334887
0.214536 0.221080 0.347432
0.210690 0.227604 0.357248
0.234893 0.230745 0.336146
0.213429 0.207780 0.346505
0.208435 0.199374 0.357479
0.220194 0.195719 0.366923
0.231410 0.192719 0.362282
0.201699 0.186648 0.351539
0.217637 0.195890 0.380102
0.228258 0.192981 0.389948
0.224483 0.182883 0.401114
0.213479 0.177124 0.401295
0.232356 0.206089 0.396935
0.239474 0.216197 0.388086
0.253106 0.214687 0.384985
0.232950 0.227977 0.384099
0.260153 0.224755 0.378169
0.239957 0.238165 0.377243
0.253549 0.236544 0.374303
0.233745 0.181080 0.410597
0.231792 0.172382 0.422387
0.238085 0.180567 0.433592
0.250297 0.182560 0.433713
0.239323 0.158951 0.421118
0.230655 0.147766 0.415299
0.218321 0.149890 0.413376
0.236353 0.136873 0.412581
0.229819 0.185309 0.442905
0.234702 0.193806 0.453698
0.238195 0.186316 0.466625
0.231390 0.176782 0.470431
0.224382 0.205032 0.456134
0.225057 0.215885 0.466977
0.217526 0.228208 0.461964
0.218825 0.211093 0.480106
0.249602 0.189960 0.472585
0.253831 0.184111 0.485210
0.250730 0.194984 0.495490
0.256378 0.205968 0.494755
0.241508 0.192216 0.504782
0.237460 0.201891 0.515051
0.244649 0.199776 0.528573
0.241981 0.190011 0.535751
0.222177 0.201045 0.516904
0.215976 0.212734 0.524364
0.222399 0.225178 0.525210
0.203330 0.211314 0.530314
0.216217 0.235930 0.531875
0.197169 0.221936 0.536929
0.203552 0.234198 0.537724
0.254163 0.208636 0.531794
0.261251 0.207982 0.544631
0.252462 0.215643 0.554427
0.252915 0.228027 0.554789
0.274853 0.215009 0.543735
0.283722 0.207015 0.535751
0.280893 0.217154 0.557518
0.243854 0.208374 0.561635
0.234682 0.214506 0.571401
0.240783 0.212241 0.585335
0.239454 0.201367 0.591124
0.220889 0.207841 0.570384
0.209955 0.215130 0.577814
0.208103 0.228973 0.576113
0.201085 0.208103 0.586100
0.197491 0.235678 0.582506
0.190524 0.214617 0.592503
0.188682 0.228490 0.590681
0.247548 0.222500 0.590611
0.254324 0.221704 0.603608
0.245203 0.219832 0.615780
0.246552 0.227362 0.625627
0.262620 0.234450 0.605914
0.269657 0.238236 0.594195
0.236293 0.209875 0.615770
0.227624 0.208052 0.627459
0.224705 0.193242 0.629805
0.226678 0.184977 0.620784
0.214486 0.216117 0.625798
0.216479 0.231158 0.625919
0.218503 0.237994 0.637920
0.216932 0.238387 0.613968
0.221000 0.251696 0.637920
0.219429 0.252059 0.613988
0.221463 0.258663 0.625919
0.220315 0.189608 0.642088
0.217234 0.175533 0.645199
0.204901 0.171325 0.637386
0.194430 0.177879 0.638201
0.214244 0.175956 0.660240
0.208062 0.189417 0.661982
0.217214 0.198266 0.653726
0.206391 0.160673 0.629483
0.195467 0.155095 0.621308
0.195870 0.139832 0.622516
0.206572 0.133923 0.624358
0.197290 0.158639 0.606327
0.196696 0.176127 0.601726
0.184171 0.133550 0.621700
0.182993 0.118871 0.622063
0.183517 0.114764 0.607243
0.173902 0.117059 0.599722
0.169321 0.114582 0.627771
0.167459 0.099702 0.626342
0.167942 0.119022 0.642128
0.194894 0.109327 0.602914
0.196575 0.105239 0.588929
0.189366 0.092181 0.586010
0.191249 0.082264 0.593279
0.211516 0.103246 0.585607
0.220043 0.116002 0.585738
0.216509 0.125717 0.574452
0.215513 0.137799 0.576667
0.214476 0.120442 0.562360
0.180869 0.092292 0.575660
0.173862 0.080180 0.571119
0.179842 0.079365 0.557075
0.173520 0.083332 0.547168
0.158649 0.082456 0.570183
0.150172 0.072025 0.577734
0.138926 0.066297 0.568995
0.128325 0.076818 0.565179
0.117069 0.070848 0.557185
0.192326 0.074744 0.556219
0.199062 0.074341 0.543342
0.204196 0.088587 0.541530
0.200522 0.097507 0.549423
0.212704 0.090822 0.531422
0.218251 0.104222 0.528754
0.208244 0.114935 0.523992
0.209422 0.126664 0.527737
0.229849 0.103306 0.518656
0.243340 0.098131 0.523911
0.253186 0.098162 0.512383
0.248696 0.107031 0.535328
0.198297 0.110998 0.516038
0.188672 0.120774 0.510893
0.177698 0.125909 0.520236
0.172966 0.137144 0.518595
0.181775 0.115710 0.498047
0.172221 0.105360 0.501399
0.192306 0.110183 0.488331
0.173389 0.117663 0.529751
0.162676 0.121277 0.539093
0.168808 0.124650 0.552725
0.172845 0.115488 0.560105
0.153072 0.109216 0.540573
0.140195 0.112398 0.547732
0.139792 0.117401 0.560669
0.127248 0.111502 0.543634
0.127157 0.119516 0.564233
0.119354 0.116022 0.554044
0.168989 0.137527 0.556400
0.174677 0.141715 0.569287
0.164177 0.149518 0.577100
0.157411 0.158156 0.571361
0.186849 0.150273 0.567052
0.162666 0.146477 0.590067
0.152729 0.153354 0.598423
0.159485 0.161740 0.609558
0.168123 0.156757 0.616848
0.142390 0.143105 0.604484
0.135463 0.136238 0.593752
0.131859 0.150243 0.613042
0.155971 0.174617 0.610434
0.161619 0.183396 0.620683
0.156686 0.178221 0.634225
0.144907 0.174516 0.635564
0.156918 0.198025 0.618680
0.162707 0.208525 0.628587
0.177980 0.210046 0.626785
0.156092 0.222127 0.626734
0.165848 0.177063 0.643900
0.162254 0.172734 0.657411
0.159787 0.185661 0.665354
0.149729 0.186950 0.672543
0.173499 0.164670 0.664046
0.169432 0.160693 0.678171
0.176510 0.152286 0.655871
0.168828 0.195387 0.663854
0.167237 0.208163 0.670731
0.176872 0.218734 0.665183
0.186789 0.215382 0.658649
0.169180 0.206431 0.685933
0.183215 0.202072 0.690031
0.183688 0.198669 0.704921
0.197461 0.198005 0.709703
0.201015 0.194612 0.722107
0.191924 0.191491 0.731319
0.213892 0.194300 0.725258
0.173369 0.231520 0.667056
0.181735 0.242484 0.662274
0.191783 0.245414 0.673318
0.187967 0.246340 0.685218
0.173540 0.255411 0.659988
0.166089 0.257022 0.646739
0.152729 0.259237 0.645319
0.171687 0.257657 0.633379
0.149598 0.261311 0.632070
0.161045 0.260425 0.624499
0.184685 0.256207 0.628113
0.162908 0.261825 0.610545
0.186547 0.257616 0.614159
0.175734 0.260385 0.605612
0.204559 0.246652 0.669513
0.214979 0.250086 0.679117
0.220244 0.263506 0.674023
0.215492 0.268530 0.663683
0.226325 0.239595 0.679218
0.232749 0.239212 0.666321
0.220778 0.225772 0.682540
0.229436 0.269668 0.681503
0.235437 0.282373 0.677365
0.225953 0.294535 0.677224
0.218191 0.296529 0.686708
0.242766 0.280571 0.663844
0.255683 0.272537 0.665304
0.263254 0.270997 0.652437
0.257868 0.259741 0.644152
0.268248 0.255059 0.634245
0.226839 0.302902 0.666794
0.218392 0.314812 0.666110
0.205465 0.313523 0.657955
0.199615 0.323782 0.653958
0.201025 0.301150 0.655337
0.188843 0.298925 0.647494
0.176560 0.295341 0.656102
0.177768 0.289179 0.666845
0.191068 0.287810 0.637185
0.199706 0.291787 0.625456
0.212905 0.296166 0.627338
0.194914 0.290357 0.612387
0.221271 0.299005 0.616284
0.203109 0.293146 0.601403
0.216288 0.297445 0.603347
0.164730 0.299368 0.651219
0.151773 0.296659 0.657804
0.140386 0.298925 0.647917
0.130349 0.305106 0.651400
0.149659 0.305529 0.670318
0.150756 0.319393 0.667237
0.142299 0.294505 0.635443
0.131990 0.295955 0.625123
0.120885 0.285907 0.628365
0.123694 0.274430 0.632161
0.137879 0.293095 0.611411
0.108270 0.290216 0.627570
0.097316 0.281044 0.630520
0.093983 0.273040 0.617885
0.097487 0.277007 0.606760
0.085013 0.288676 0.635664
0.077331 0.295592 0.624549
0.083181 0.304724 0.618146
0.065461 0.291887 0.622113
0.087872 0.261341 0.619626
0.084208 0.253317 0.608028
0.095524 0.245021 0.602259
0.094094 0.239263 0.591356
0.106508 0.243703 0.609720
0.117854 0.235709 0.604847
0.120371 0.223053 0.613223
0.121992 0.212089 0.607656
0.130963 0.244065 0.604424
0.141987 0.236152 0.597376
0.128506 0.257224 0.597215
0.120240 0.224493 0.626593
0.123059 0.213217 0.635644
0.112619 0.202283 0.634184
0.100588 0.205143 0.633802
0.123603 0.217808 0.650293
0.134557 0.227725 0.653968
0.134829 0.230554 0.669049
0.125909 0.225419 0.676349
0.143960 0.237763 0.673801
0.117250 0.189779 0.633389
0.108068 0.178513 0.631949
0.104474 0.175724 0.617462
0.098061 0.165556 0.614562
0.108834 0.184614 0.608411
0.106206 0.183165 0.593963
0.118418 0.177698 0.586372
0.129926 0.178110 0.591396
0.102471 0.196806 0.587741
0.089544 0.202535 0.592957
0.089111 0.212422 0.602722
0.076566 0.199736 0.589835
0.076445 0.215452 0.605400
0.068643 0.207901 0.597709
0.116032 0.172805 0.574109
0.127097 0.167791 0.565924
0.132785 0.179923 0.558424
0.126573 0.185108 0.548980
0.122385 0.157049 0.556048
0.133530 0.152417 0.546463
0.145038 0.157028 0.547148
0.130097 0.143135 0.537432
0.144363 0.184715 0.562985
0.151068 0.196152 0.556702
0.153776 0.194682 0.541480
0.152397 0.204458 0.533949
0.164408 0.199062 0.564001
0.173046 0.208646 0.555786
0.161569 0.204730 0.577895
0.157663 0.182671 0.536929
0.160552 0.180486 0.522633
0.148310 0.183557 0.513994
0.149447 0.188762 0.502779
0.165032 0.166281 0.520277
0.136470 0.180426 0.519290
0.124207 0.182802 0.511699
0.120804 0.197672 0.512192
0.116163 0.203461 0.502265
0.112579 0.174164 0.516974
0.100316 0.174305 0.507772
0.090007 0.163371 0.511266
0.089896 0.158700 0.523136
0.082093 0.159465 0.501993
0.123543 0.204015 0.523599
0.120895 0.218372 0.524777
0.128758 0.225349 0.513501
0.122717 0.231641 0.504732
0.125003 0.223718 0.538691
0.115277 0.221130 0.550380
0.120452 0.227483 0.563236
0.101695 0.227020 0.547017
0.141977 0.223225 0.512998
0.150182 0.229537 0.502608
0.145330 0.225681 0.488643
0.143266 0.234339 0.480056
0.165032 0.225711 0.504067
0.174033 0.233766 0.494422
0.174154 0.248606 0.498490
0.188058 0.228067 0.494412
0.143366 0.212663 0.486429
0.138634 0.207710 0.473431
0.125446 0.214617 0.468679
0.123351 0.216348 0.456658
0.136792 0.192528 0.474116
0.133852 0.186145 0.460745
0.145732 0.186870 0.451372
0.156142 0.180507 0.453778
0.144282 0.194571 0.440469
0.116707 0.218563 0.478062
0.104082 0.225238 0.474659
0.107182 0.239263 0.469353
0.103679 0.242645 0.457796
0.095312 0.227020 0.487043
0.093963 0.214405 0.493869
0.081650 0.232618 0.483227
0.113888 0.247387 0.477720
0.117552 0.261130 0.474005
0.125929 0.261422 0.460997
0.123885 0.270221 0.452490
0.124942 0.268006 0.485522
0.117361 0.267533 0.498983
0.103749 0.275205 0.499285
0.102531 0.286531 0.493708
0.094195 0.270010 0.505638
0.134889 0.251646 0.459114
0.142943 0.251092 0.446872
0.133631 0.249633 0.434831
0.135483 0.256267 0.424491
0.152669 0.239263 0.447244
0.163603 0.238900 0.458057
0.171768 0.226154 0.456255
0.172654 0.251072 0.457121
0.123512 0.240994 0.436220
0.113636 0.238648 0.425468
0.105300 0.251586 0.422830
0.103034 0.255492 0.411252
0.104283 0.226748 0.429132
0.111673 0.213257 0.429706
0.122627 0.211928 0.423645
0.106528 0.203975 0.436391
0.101283 0.258452 0.433633
0.093470 0.270845 0.432576
0.102038 0.282011 0.426172
0.097709 0.293569 0.425387
0.088366 0.275255 0.446540
0.078388 0.265489 0.453245
0.114441 0.278759 0.422246
0.123351 0.288565 0.415682
0.128315 0.282585 0.402382
0.138685 0.286531 0.396986
0.135352 0.292542 0.424833
0.132332 0.303667 0.435233
0.132785 0.318124 0.429243
0.123623 0.319916 0.417756
0.111401 0.325635 0.418259
0.106538 0.330477 0.429837
0.103739 0.325876 0.407184
0.120975 0.272668 0.397368
0.124328 0.266194 0.384683
0.139017 0.262157 0.382740
0.144454 0.263144 0.371564
0.119727 0.275044 0.373014
0.104686 0.273624 0.369943
0.097819 0.287045 0.369088
0.100910 0.294575 0.359392
0.089574 0.290015 0.378149
0.145501 0.257717 0.393563
0.159445 0.253368 0.392657
0.159716 0.237994 0.391307
0.152961 0.230846 0.398788
0.167106 0.258200 0.405070
0.168335 0.273584 0.406057
0.172724 0.277853 0.420192
0.178342 0.278366 0.395707
0.167066 0.232870 0.381461
0.167771 0.218382 0.379528
0.177617 0.211616 0.389354
0.188591 0.207146 0.385287
0.171576 0.215231 0.364799
0.173852 0.210730 0.402201
0.182661 0.204247 0.412178
0.177748 0.190121 0.415339
0.169301 0.188138 0.424380
0.183819 0.212522 0.425377
0.191994 0.204448 0.436059
0.190665 0.226346 0.422407
0.183295 0.180416 0.407940
0.179671 0.166160 0.408886
0.179611 0.159384 0.422719
0.169502 0.153736 0.426897
0.188380 0.157884 0.398949
0.191229 0.159072 0.429193
0.192719 0.152538 0.442281
0.197733 0.162546 0.452802
0.200824 0.174265 0.449711
0.202726 0.140759 0.441073
0.207186 0.131235 0.456537
0.197783 0.158116 0.465367
0.202384 0.166190 0.476592
0.206653 0.155850 0.486942
0.198981 0.146638 0.490295
0.191148 0.175171 0.482522
0.195699 0.181393 0.495620
0.187615 0.186346 0.472736
0.219459 0.156364 0.490556
0.225027 0.147383 0.500473
0.226698 0.156797 0.512333
0.231500 0.168103 0.510702
0.238669 0.142229 0.495812
0.221704 0.152689 0.523992
0.223043 0.161025 0.535791
0.234782 0.155357 0.543463
0.234863 0.143628 0.547379
0.210479 0.160945 0.544711
0.211999 0.171425 0.555746
0.198246 0.163935 0.536234
0.244770 0.163905 0.545436
0.256932 0.160341 0.552494
0.259237 0.171174 0.563125
0.255703 0.182963 0.561223
0.268792 0.159988 0.542426
0.282202 0.160462 0.549695
0.267835 0.147514 0.533727
0.264211 0.166945 0.574724
0.267483 0.176218 0.585657
0.281548 0.182399 0.582466
0.289421 0.176651 0.574734
0.267604 0.168244 0.598826
0.269587 0.176983 0.610978
0.280732 0.178000 0.616394
0.258845 0.183366 0.615418
0.284860 0.193987 0.588124
0.297988 0.199756 0.585083
0.309728 0.190776 0.589231
0.319131 0.189165 0.581499
0.299650 0.214184 0.590460
0.296599 0.215553 0.605421
0.297042 0.205586 0.612961
0.293871 0.226869 0.609860
0.309013 0.184322 0.600940
0.319987 0.175583 0.605350
0.322413 0.164559 0.595061
0.333951 0.161962 0.591084
0.316624 0.168989 0.618479
0.303294 0.163764 0.617703
0.317520 0.178966 0.629795
0.311338 0.158408 0.590540
0.311590 0.147524 0.580503
0.317893 0.152961 0.567515
0.327225 0.146900 0.561988
0.297173 0.141866 0.577885
0.297827 0.129221 0.569539
0.290307 0.138745 0.591154
0.313332 0.164801 0.563176
0.318779 0.170992 0.551155
0.333749 0.173298 0.552695
0.341441 0.171174 0.543332
0.338018 0.177547 0.564595
0.352234 0.179993 0.567283
0.360077 0.166683 0.566710
0.370256 0.165777 0.559753
0.354137 0.187101 0.581107
0.347180 0.199797 0.581076
0.368846 0.189427 0.584157
0.355254 0.156223 0.573586
0.362201 0.143185 0.573294
0.364386 0.139037 0.558595
0.375259 0.134577 0.555021
0.354248 0.132342 0.580996
0.361648 0.119093 0.584530
0.354056 0.111280 0.595353
0.363812 0.110354 0.572197
0.354308 0.141222 0.549987
0.355506 0.137970 0.535660
0.366309 0.146407 0.528250
0.374746 0.140779 0.521132
0.341965 0.139299 0.528794
0.366208 0.159716 0.529730
0.376427 0.168053 0.523065
0.390291 0.163361 0.527354
0.399865 0.163270 0.519300
0.375189 0.182862 0.527042
0.364205 0.189195 0.520609
0.391217 0.159435 0.540130
0.403711 0.154813 0.546071
0.408393 0.141101 0.541006
0.420363 0.139238 0.538489
0.402221 0.154652 0.561273
0.416880 0.148793 0.570515
0.399029 0.131617 0.539476
0.402221 0.118015 0.534754
0.407064 0.118489 0.520095
0.416779 0.111602 0.516360
0.389888 0.108974 0.536053
0.400308 0.126815 0.512001
0.403630 0.128768 0.497795
0.418299 0.132342 0.495761
0.423837 0.130177 0.484888
0.395163 0.140145 0.491885
0.380434 0.137356 0.488684
0.373155 0.150212 0.484143
0.380213 0.126613 0.477730
0.424400 0.138493 0.505950
0.438536 0.142521 0.505376
0.447275 0.132574 0.513139
0.456517 0.126543 0.507531
0.440247 0.156656 0.511246
0.430663 0.167106 0.504933
0.432505 0.181232 0.510672
0.441808 0.188490 0.506011
0.424592 0.185017 0.519713
0.443952 0.130429 0.525915
0.451423 0.121348 0.534684
0.443580 0.108431 0.536617
0.432344 0.108652 0.541731
0.453325 0.128113 0.548326
0.464752 0.122153 0.556350
0.467028 0.109860 0.555544
0.471538 0.129895 0.563589
0.449469 0.096933 0.532710
0.443278 0.083513 0.533909
0.441083 0.078660 0.548436
0.433220 0.069317 0.550933
0.453446 0.074442 0.526579
0.458631 0.083644 0.515555
0.461239 0.096430 0.523659
0.447838 0.085295 0.557930
0.447234 0.081620 0.572046
0.437448 0.089785 0.580593
0.436190 0.087409 0.592624
0.461209 0.082264 0.577996
0.430431 0.099279 0.574422
0.420786 0.107656 0.581681
0.408272 0.099964 0.585899
0.400137 0.096057 0.577311
0.416225 0.119163 0.572740
0.409258 0.133520 0.581670
0.406379 0.098242 0.599017
0.394590 0.091084 0.604061
0.385549 0.099853 0.613032
0.375279 0.095031 0.618207
0.398858 0.078529 0.611491
0.389072 0.112750 0.614502
0.381350 0.122113 0.622908
0.379307 0.135574 0.615700
0.387472 0.139541 0.607333
0.388589 0.124700 0.636440
0.379468 0.131748 0.646044
0.393220 0.111693 0.642541
0.368343 0.142500 0.618871
0.365544 0.155438 0.612750
0.361476 0.164922 0.623915
0.349999 0.164408 0.628446
0.370749 0.173338 0.628567
0.367990 0.182661 0.639641
0.364255 0.197008 0.635765
0.371141 0.203351 0.627761
0.380152 0.182993 0.649135
0.380555 0.192719 0.661056
0.369249 0.189689 0.671073
0.394136 0.191571 0.667841
0.353644 0.202283 0.641987
0.349194 0.216137 0.639551
0.349747 0.224392 0.652508
0.342730 0.221382 0.662163
0.334635 0.216942 0.634054
0.333880 0.211506 0.619697
0.329833 0.231279 0.634376
0.341733 0.219731 0.609548
0.358647 0.234319 0.652951
0.359765 0.243078 0.664589
0.358496 0.257626 0.659555
0.368413 0.264885 0.657914
0.372974 0.240370 0.672936
0.371826 0.226909 0.680497
0.385367 0.239857 0.663985
0.346113 0.261583 0.656404
0.343485 0.275014 0.651209
0.331897 0.281507 0.658569
0.332300 0.282383 0.670841
0.321658 0.286159 0.651330
0.309979 0.292381 0.657884
0.304492 0.282172 0.668113
0.299630 0.285877 0.678966
0.298935 0.296428 0.647434
0.304100 0.306727 0.638715
0.286420 0.301905 0.654451
0.306546 0.269325 0.664841
0.302308 0.258210 0.673268
0.312365 0.246673 0.672795
0.320792 0.246149 0.663834
0.311822 0.237591 0.682591
0.321074 0.226325 0.682873
0.313573 0.213147 0.681131
0.301955 0.211667 0.685571
0.329833 0.226205 0.695830
0.339820 0.215905 0.694783
0.321487 0.223708 0.708385
0.320007 0.203854 0.673973
0.314399 0.190585 0.671224
0.325021 0.182349 0.663794
0.333689 0.188007 0.657159
0.301663 0.191722 0.662697
0.294183 0.178644 0.661629
0.298019 0.168737 0.667791
0.283481 0.178463 0.653817
0.324497 0.169070 0.665224
0.333971 0.160109 0.658639
0.326017 0.148622 0.652246
0.314600 0.145591 0.656374
0.343938 0.153847 0.668717
0.337938 0.141594 0.675422
0.356714 0.150092 0.661740
0.332108 0.142249 0.642198
0.326088 0.131023 0.635181
0.337867 0.121660 0.633218
0.349194 0.126362 0.631537
0.320691 0.135574 0.621861
0.335491 0.108532 0.633701
0.346415 0.098866 0.632070
0.341592 0.085818 0.625284
0.329511 0.083191 0.624711
0.352919 0.096078 0.645903
0.344391 0.087701 0.655226
0.333991 0.093420 0.662556
0.346314 0.073807 0.656203
0.325554 0.085396 0.670600
0.338079 0.065773 0.664126
0.327699 0.071542 0.671264
0.319312 0.063538 0.678876
0.350825 0.077814 0.619757
0.346636 0.065149 0.613445
0.344945 0.054487 0.624388
0.353905 0.052685 0.632725
0.356533 0.060035 0.602581
0.359976 0.071250 0.592554
0.349667 0.048950 0.594406
0.370688 0.067455 0.582244
0.333498 0.047510 0.624257
0.330347 0.037231 0.634315
0.326551 0.023609 0.628365
0.323722 0.022280 0.616485
0.318809 0.042295 0.643366
0.312134 0.031905 0.652729
0.320540 0.028371 0.664851
0.321930 0.037201 0.673590
0.325685 0.016884 0.665767
0.326923 0.013491 0.637013
0.323561 -0.000463 0.634114
0.308036 -0.001007 0.633319
0.301029 0.000544 0.643386
0.328796 -0.008558 0.646195
0.329008 -0.023529 0.643960
0.318285 -0.029650 0.641917
0.340052 -0.029338 0.645098
0.302509 -0.003473 0.621489
0.287890 -0.003977 0.620140
0.281397 -0.016119 0.626936
0.269859 -0.019542 0.623774
0.283783 -0.003624 0.605330
0.288213 -0.015505 0.598846
0.288968 -0.023307 0.635352
0.283380 -0.034875 0.642682
0.279011 -0.029771 0.656354
0.270815 -0.036073 0.663240
0.293689 -0.045919 0.644282
0.284508 -0.018072 0.659938
0.281729 -0.011336 0.672603
0.270684 -0.000846 0.671325
0.264080 0.002295 0.681151
0.294445 -0.004551 0.677818
0.306284 -0.013904 0.679319
0.318346 -0.006524 0.685047
0.329551 -0.016270 0.688712
0.341522 -0.009142 0.694048
0.268761 0.004833 0.659334
0.258321 0.015021 0.657683
0.244719 0.008095 0.656928
0.238779 0.007158 0.646185
0.260425 0.023508 0.645048
0.250378 0.034956 0.644987
0.274661 0.028965 0.644584
0.239565 0.003786 0.668486
0.226819 -0.003594 0.668969
0.214486 0.002829 0.662415
0.206008 -0.004229 0.656585
0.223718 -0.007793 0.683356
0.234601 -0.016662 0.689588
0.231430 -0.020246 0.703955
0.220466 -0.016421 0.708797
0.239887 -0.026871 0.710489
0.213549 0.016139 0.663009
0.202203 0.023015 0.656958
0.202686 0.021686 0.641816
0.192628 0.023810 0.635121
0.202001 0.037835 0.660894
0.199575 0.040463 0.675825
0.206069 0.053521 0.679892
0.184725 0.040594 0.678835
0.214214 0.017921 0.636339
0.215422 0.016501 0.621871
0.209844 0.002950 0.617240
0.207851 0.000785 0.605189
0.230181 0.017991 0.617713
0.232306 0.024082 0.603920
0.249612 0.028291 0.600679
0.253066 0.019069 0.585426
0.206915 -0.005990 0.626845
0.201659 -0.019491 0.623804
0.212915 -0.028361 0.618257
0.224090 -0.023448 0.615841
0.190242 -0.018626 0.613545
0.209955 -0.041278 0.616012
0.220043 -0.050531 0.610736
0.223980 -0.046584 0.596541
0.217013 -0.050229 0.586876
0.235235 -0.039446 0.595141
0.239514 -0.034925 0.581912
0.249139 -0.044299 0.574381
0.252049 -0.055464 0.579073
0.244709 -0.020387 0.582466
0.259549 -0.020146 0.585446
0.241135 -0.012857 0.569438
0.253690 -0.039949 0.562491
0.262499 -0.048366 0.554105
0.276997 -0.043574 0.552756
0.286209 -0.051819 0.552393
0.255865 -0.050742 0.540231
0.265318 -0.053400 0.528281
0.257334 -0.057689 0.515917
0.249028 -0.070032 0.519602
0.239927 -0.075066 0.508809
0.278970 -0.030314 0.552182
0.292471 -0.024576 0.551044
0.298502 -0.023881 0.565079
0.291646 -0.020609 0.574744
0.292240 -0.010712 0.544520
0.278749 -0.004339 0.544369
0.270181 -0.009373 0.533063
0.263043 -0.019411 0.535066
0.270614 -0.003141 0.522149
0.311721 -0.025784 0.566166
0.318245 -0.025562 0.579224
0.317198 -0.012917 0.587480
0.316211 -0.013823 0.599883
0.332793 -0.028653 0.575640
0.334333 -0.021747 0.562501
0.321789 -0.025945 0.555333
0.317389 -0.001198 0.580875
0.317258 0.011689 0.588184
0.307160 0.022522 0.583926
0.300727 0.021757 0.573213
0.331384 0.017850 0.587651
0.342790 0.007994 0.590178
0.356432 0.014608 0.589594
0.359775 0.020307 0.578952
0.363772 0.014075 0.599793
0.306345 0.032851 0.592443
0.297535 0.044520 0.590500
0.303294 0.056722 0.597970
0.308993 0.055464 0.608934
0.283128 0.041973 0.595765
0.283007 0.041540 0.611189
0.273534 0.052685 0.590470
0.302287 0.068441 0.591728
0.307311 0.080503 0.598071
0.296690 0.084459 0.608199
0.284940 0.085688 0.604665
0.309838 0.091960 0.587661
0.314480 0.104716 0.594718
0.320540 0.087641 0.577593
0.300626 0.085446 0.620925
0.291344 0.089292 0.631597
0.292199 0.104283 0.634557
0.303194 0.109790 0.635503
0.294394 0.081570 0.644816
0.289924 0.066861 0.643658
0.287095 0.088053 0.656646
0.275014 0.064807 0.645098
0.280621 0.110847 0.635685
0.280058 0.125103 0.639108
0.277078 0.125123 0.654260
0.265570 0.123170 0.658700
0.268892 0.132131 0.631245
0.266990 0.146709 0.635372
0.275326 0.152639 0.642269
0.255945 0.152558 0.631033
0.287729 0.126865 0.662153
0.286904 0.126613 0.676761
0.277148 0.136852 0.682198
0.268449 0.133460 0.690222
0.300807 0.128879 0.683054
0.305127 0.142360 0.680346
0.310875 0.119052 0.677053
0.278688 0.149347 0.677728
0.270080 0.160391 0.682097
0.272406 0.161891 0.697360
0.262983 0.162032 0.705495
0.255462 0.157230 0.678453
0.246230 0.169422 0.677114
0.250609 0.179611 0.666462
0.250408 0.176409 0.654310
0.253891 0.191068 0.670348
0.285363 0.163190 0.700824
0.290266 0.164458 0.714617
0.287900 0.178020 0.721281
0.290951 0.179862 0.733212
0.305308 0.160753 0.715372
0.315406 0.170972 0.709683
0.313030 0.184121 0.706361
0.329481 0.168757 0.707287
0.324658 0.190172 0.702132
0.334927 0.181020 0.702585
0.337988 0.157632 0.708747
0.348620 0.182500 0.699323
0.351610 0.159102 0.705525
0.356765 0.171446 0.700874
0.283209 0.187826 0.713519
0.280420 0.200854 0.719439
0.270231 0.198709 0.730624
0.269990 0.206019 0.740642
0.261905 0.188400 0.729034
0.251707 0.185259 0.739021
0.256932 0.178694 0.751868
0.249018 0.176238 0.760959
0.240712 0.176731 0.732829
0.269970 0.175835 0.752895
0.275144 0.169533 0.765187
0.272034 0.178775 0.777007
0.271379 0.190907 0.775497
0.290337 0.166633 0.764332
0.295713 0.157955 0.775749
0.289169 0.146085 0.779524
0.307583 0.161468 0.782444
0.294304 0.137748 0.789733
0.312909 0.153142 0.792844
0.306194 0.141222 0.796408
0.269809 0.172845 0.788726
0.266466 0.180738 0.800465
0.251384 0.182349 0.802328
0.247015 0.185933 0.813292
0.243451 0.179611 0.791867
0.228792 0.180919 0.792642
0.221976 0.171808 0.802942
0.210146 0.173691 0.806002
0.222097 0.179349 0.778779
0.224825 0.191138 0.769235
0.216268 0.191249 0.756499
0.208223 0.182087 0.753821
0.217476 0.200884 0.748918
0.229336 0.161901 0.808127
0.224070 0.152820 0.818477
0.231923 0.154381 0.831655
0.232578 0.144977 0.839669
0.225107 0.138161 0.814218
0.218211 0.134577 0.801381
0.203874 0.130802 0.803516
0.198538 0.125023 0.790518
0.199877 0.134849 0.779182
0.238367 0.165959 0.833528
0.245797 0.168727 0.845811
0.260002 0.163502 0.846717
0.266033 0.163965 0.857600
0.265711 0.159384 0.835280
0.279454 0.153877 0.834797
0.290891 0.163955 0.837203
0.301724 0.160220 0.841834
0.281991 0.146296 0.821547
0.271953 0.135252 0.817993
0.261060 0.140074 0.808529
0.256922 0.151733 0.809748
0.256489 0.132372 0.799770
0.288696 0.176721 0.834203
0.299317 0.186628 0.836347
0.296086 0.196102 0.848046
0.302338 0.206824 0.849425
0.301724 0.194732 0.823510
0.306274 0.186608 0.811328
0.306425 0.195457 0.798854
0.320027 0.180446 0.814087
0.287014 0.191632 0.856865
0.282424 0.199565 0.868433
0.292642 0.203572 0.878984
0.289733 0.212049 0.887421
0.270503 0.192679 0.875350
0.257123 0.196323 0.868957
0.256761 0.205918 0.860651
0.246985 0.189668 0.872370
0.304392 0.197330 0.878914
0.314590 0.200793 0.888790
0.324215 0.211234 0.883152
0.330669 0.218764 0.890633
0.322614 0.188309 0.892425
0.312698 0.175875 0.900066
0.324960 0.211616 0.869843
0.334082 0.220456 0.862775
0.327769 0.233222 0.857117
0.334877 0.242384 0.852868
0.341169 0.212210 0.851982
0.347844 0.199968 0.858104
0.359453 0.199756 0.865212
0.343123 0.186356 0.857701
0.362393 0.186960 0.869239
0.352516 0.178483 0.864809
0.331847 0.180003 0.852103
0.351006 0.164670 0.866500
0.330336 0.166240 0.853805
0.339921 0.158760 0.860983
0.314470 0.233826 0.856946
0.307583 0.245787 0.852073
0.307080 0.256267 0.863349
0.303989 0.252945 0.874897
0.293538 0.242213 0.847039
0.294072 0.232930 0.834998
0.280249 0.229054 0.829773
0.272819 0.240733 0.825011
0.262590 0.246451 0.831524
0.258241 0.241588 0.843334
0.256871 0.257294 0.826199
0.310916 0.268701 0.859986
0.311137 0.279997 0.869450
0.298421 0.288545 0.868111
0.289914 0.285897 0.859412
0.323470 0.289008 0.866943
0.322041 0.295703 0.854268
0.336307 0.280692 0.866752
0.297264 0.298935 0.876508
0.285424 0.307805 0.876276
0.284518 0.316493 0.863641
0.273604 0.320732 0.859563
0.284649 0.316664 0.888972
0.297344 0.324769 0.892083
0.294797 0.336810 0.901385
0.289904 0.347432 0.897016
0.298452 0.335280 0.914101
0.296076 0.318990 0.857479
0.296901 0.326903 0.845277
0.291283 0.318366 0.833800
0.284900 0.323420 0.824517
0.311560 0.330548 0.842972
0.318013 0.337203 0.854952
0.313825 0.349868 0.859191
0.327960 0.330669 0.862252
0.319383 0.355969 0.870477
0.333609 0.336699 0.873568
0.329259 0.349445 0.877686
0.293569 0.305247 0.834776
0.288676 0.295592 0.824930
0.273292 0.294485 0.826239
0.266073 0.292975 0.816221
0.295230 0.281699 0.827377
0.309818 0.280954 0.822635
0.312859 0.285444 0.811278
0.318245 0.275477 0.830125
0.268379 0.295582 0.838663
0.254022 0.294586 0.841572
0.246179 0.307120 0.837887
0.235336 0.305982 0.832108
0.251646 0.290971 0.856372
0.257425 0.277571 0.860127
0.255301 0.273987 0.874695
0.263375 0.261311 0.877514
0.259670 0.253791 0.889737
0.251415 0.319050 0.840968
0.244176 0.331323 0.837495
0.245615 0.334776 0.822614
0.237944 0.343012 0.817339
0.248555 0.343072 0.846274
0.262318 0.345982 0.844351
0.255693 0.328846 0.816030
0.258049 0.330659 0.801573
0.247589 0.321507 0.794918
0.240088 0.325645 0.786038
0.272366 0.325886 0.798039
0.277782 0.328997 0.783934
0.272406 0.317923 0.770694
0.279061 0.303194 0.775990
0.246844 0.309134 0.799871
0.237269 0.299126 0.794958
0.222510 0.303757 0.797183
0.214516 0.304422 0.787699
0.240098 0.285675 0.802036
0.230403 0.274832 0.798039
0.228087 0.273222 0.785837
0.224956 0.268057 0.807140
0.219056 0.307211 0.809617
0.205545 0.311953 0.812949
0.200320 0.322624 0.802841
0.188762 0.322051 0.798381
0.205435 0.318235 0.827578
0.205596 0.307341 0.838411
0.193353 0.327215 0.829773
0.208143 0.313000 0.852516
0.209160 0.331937 0.799015
0.205918 0.343304 0.790196
0.207801 0.340586 0.775144
0.205686 0.349637 0.766748
0.214214 0.355556 0.795049
0.211163 0.368655 0.787427
0.199203 0.372400 0.785353
0.221100 0.375591 0.783823
0.211193 0.328051 0.771671
0.213418 0.324195 0.757576
0.200310 0.322121 0.749995
0.189517 0.323047 0.755824
0.222298 0.311620 0.756660
0.216086 0.300234 0.762399
0.201337 0.319352 0.736957
0.189588 0.317299 0.728228
0.181342 0.304825 0.732165
0.169070 0.305549 0.733725
0.194350 0.316141 0.713640
0.184262 0.316493 0.702183
0.180305 0.331021 0.699344
0.190736 0.310231 0.689739
0.188148 0.293377 0.733413
0.181725 0.280702 0.737229
0.187957 0.276635 0.750599
0.198065 0.269517 0.750639
0.184967 0.269647 0.726950
0.180829 0.272768 0.712744
0.168707 0.268510 0.707327
0.187383 0.279162 0.702696
0.168033 0.272215 0.694551
0.179258 0.278688 0.691521
0.182470 0.281487 0.762056
0.187584 0.278366 0.775638
0.188148 0.263566 0.779856
0.178362 0.256247 0.778356
0.178100 0.286269 0.784709
0.174899 0.298391 0.776483
0.172483 0.292451 0.762680
0.199666 0.259418 0.785363
0.201548 0.245716 0.790095
0.205898 0.235648 0.779474
0.208566 0.223909 0.782524
0.206784 0.240189 0.766979
0.210589 0.231359 0.756026
0.224755 0.234631 0.751072
0.228450 0.246441 0.750257
0.200542 0.232839 0.744719
0.232598 0.224151 0.747961
0.246401 0.225107 0.742766
0.256126 0.230202 0.753327
0.265046 0.238256 0.750347
0.247105 0.234037 0.730212
0.236947 0.230614 0.719157
0.240330 0.218090 0.711093
0.232286 0.208807 0.710207
0.251978 0.218060 0.704700
0.254928 0.224725 0.765469
0.263385 0.228742 0.776826
0.278698 0.227453 0.774903
0.286481 0.235860 0.779615
0.258643 0.221624 0.789682
0.243753 0.224684 0.792411
0.239816 0.220607 0.806486
0.240994 0.239605 0.790387
0.283138 0.217053 0.767966
0.297455 0.215452 0.765671
0.301965 0.225601 0.755069
0.312607 0.231913 0.756579
0.300707 0.201045 0.761281
0.315033 0.198911 0.756660
0.325645 0.198699 0.765771
0.317933 0.196827 0.743189
0.338804 0.196434 0.761553
0.331061 0.194491 0.738880
0.341401 0.194310 0.748132
0.354248 0.191853 0.743813
0.293639 0.227705 0.744750
0.297143 0.237098 0.734037
0.299207 0.251374 0.739061
0.308097 0.258533 0.734410
0.286420 0.237158 0.723094
0.288031 0.248666 0.713187
0.278568 0.247720 0.701639
0.266838 0.251757 0.703220
0.282856 0.242817 0.690957
0.290719 0.255522 0.748434
0.291374 0.268943 0.754113
0.304291 0.271641 0.762016
0.307331 0.283279 0.765308
0.278849 0.271339 0.762680
0.266315 0.272658 0.754223
0.253629 0.270906 0.762207
0.242364 0.279504 0.756499
0.230826 0.271802 0.751324
0.311761 0.260919 0.765197
0.324447 0.262117 0.772577
0.336095 0.262660 0.762711
0.346747 0.267755 0.766053
0.326732 0.249985 0.781920
0.316634 0.248072 0.793518
0.317852 0.231742 0.801714
0.328967 0.234833 0.815064
0.333548 0.258271 0.750317
0.343747 0.257214 0.739726
0.343264 0.266194 0.727020
0.353472 0.272154 0.723255
0.344663 0.242283 0.734883
0.355486 0.240541 0.724453
0.347240 0.233111 0.746592
0.331615 0.267020 0.720436
0.330206 0.274510 0.707881
0.331404 0.289823 0.707247
0.328504 0.297113 0.716892
0.317228 0.270342 0.700985
0.305872 0.275819 0.707700
0.334394 0.294505 0.695045
0.335985 0.308731 0.692115
0.323893 0.317883 0.694269
0.325595 0.329873 0.696434
0.311701 0.312698 0.693363
0.299932 0.321155 0.695538
0.297988 0.324527 0.710338
0.291767 0.334756 0.713720
0.287286 0.314077 0.690353
0.274188 0.320581 0.694501
0.260164 0.312345 0.686870
0.249904 0.326048 0.683477
0.303606 0.316262 0.719238
0.301472 0.318638 0.733504
0.313382 0.322937 0.741931
0.311389 0.328716 0.752733
0.294898 0.306365 0.739937
0.282544 0.301120 0.732608
0.269637 0.305721 0.735819
0.283742 0.291263 0.722822
0.258361 0.300515 0.729577
0.272587 0.286098 0.716550
0.259962 0.290699 0.719942
0.248958 0.285031 0.713771
0.325685 0.320621 0.737128
0.337485 0.324406 0.745072
0.338753 0.339317 0.748092
0.343425 0.343002 0.758845
0.350492 0.319101 0.738920
0.352516 0.303868 0.739182
0.366530 0.300395 0.735054
0.349727 0.298582 0.753005
0.334686 0.347955 0.738759
0.335471 0.362332 0.741296
0.325212 0.366329 0.751918
0.327779 0.374685 0.760717
0.313664 0.359725 0.751586
0.302972 0.362725 0.760999
0.307523 0.358990 0.775155
0.303395 0.365433 0.784981
0.290146 0.355254 0.756750
0.276816 0.360439 0.762761
0.273644 0.375491 0.760254
0.281840 0.382881 0.754062
0.262831 0.380001 0.764926
0.316544 0.349183 0.776343
0.321285 0.345116 0.789642
0.329239 0.356301 0.796428
0.327256 0.358969 0.808389
0.329652 0.332068 0.789048
0.322010 0.319010 0.792139
0.330830 0.306878 0.790065
0.316684 0.319423 0.806375
0.338270 0.362745 0.788847
0.346475 0.373779 0.794183
0.337696 0.385901 0.797203
0.340636 0.393462 0.806385
0.357510 0.378169 0.784508
0.366400 0.388509 0.791283
0.365725 0.366077 0.779977
0.326964 0.387814 0.789481
0.317842 0.398979 0.792119
0.310865 0.396482 0.805489
0.309607 0.405684 0.813664
0.307070 0.400540 0.781195
0.300656 0.414554 0.781427
0.289602 0.416235 0.771369
0.278668 0.406913 0.774188
0.268600 0.409450 0.782554
0.267996 0.421219 0.788907
0.259439 0.399966 0.785001
0.306002 0.384159 0.807513
0.299247 0.380585 0.819997
0.308469 0.382287 0.831988
0.304371 0.387703 0.842136
0.293619 0.366339 0.819393
0.279927 0.365675 0.813251
0.277853 0.366279 0.799569
0.267594 0.365383 0.818940
0.264795 0.366450 0.797052
0.258331 0.365906 0.808691
0.320983 0.377877 0.830769
0.330487 0.379337 0.841703
0.332048 0.394368 0.844582
0.330508 0.398748 0.856050
0.344240 0.373105 0.837988
0.342639 0.357943 0.835562
0.354489 0.375934 0.849133
0.352486 0.352103 0.825564
0.334676 0.402231 0.834021
0.336277 0.416829 0.835189
0.324346 0.422920 0.842559
0.325927 0.427642 0.853915
0.338179 0.423666 0.821306
0.351851 0.419648 0.815426
0.337756 0.438979 0.822725
0.354268 0.425145 0.801432
0.312506 0.422780 0.836327
0.300385 0.428146 0.842871
0.299680 0.424179 0.858053
0.296146 0.432545 0.866621
0.287578 0.423746 0.835149
0.275024 0.426092 0.843505
0.286652 0.431488 0.822010
0.303707 0.411806 0.861396
0.303868 0.407295 0.875370
0.314500 0.415198 0.883203
0.311882 0.420283 0.894247
0.307291 0.392314 0.876316
0.310251 0.387864 0.890552
0.300364 0.388468 0.900509
0.323108 0.383364 0.894257
0.303143 0.384703 0.913799
0.325997 0.379609 0.907597
0.315919 0.380323 0.917242
0.318537 0.376639 0.930280
0.326662 0.415803 0.877565
0.338008 0.422900 0.883646
0.334827 0.437710 0.885750
0.340092 0.443932 0.895043
0.350402 0.421843 0.874575
0.358416 0.408785 0.874655
0.368212 0.408433 0.862715
0.365624 0.407416 0.888196
0.326571 0.443399 0.876890
0.322866 0.457504 0.877897
0.313130 0.460182 0.889405
0.313986 0.470753 0.895888
0.317289 0.463091 0.864315
0.307603 0.474679 0.866702
0.328897 0.467954 0.855496
0.304100 0.450748 0.892395
0.294877 0.453295 0.903550
0.301291 0.450758 0.917091
0.295622 0.454252 0.927532
0.281638 0.445624 0.902171
0.282726 0.430753 0.901275
0.269728 0.424330 0.905201
0.260486 0.423514 0.896593
0.268761 0.420454 0.917162
0.312758 0.443982 0.916940
0.320410 0.441627 0.929193
0.330830 0.452993 0.930351
0.340384 0.451845 0.938002
0.327860 0.428136 0.928659
0.318859 0.416004 0.928347
0.309456 0.415370 0.940318
0.313876 0.414051 0.951755
0.296317 0.416064 0.937680
0.329541 0.463444 0.922075
0.338874 0.474770 0.922316
0.353654 0.470944 0.919256
0.362936 0.478606 0.922276
0.337948 0.481908 0.936009
0.326813 0.492530 0.937227
0.312587 0.486710 0.935153
0.301552 0.497302 0.937700
0.287820 0.491432 0.935858
0.355848 0.459306 0.913014
0.369511 0.454815 0.909792
0.374212 0.459265 0.895818
0.385971 0.457866 0.892495
0.370980 0.439361 0.911665
0.365463 0.435244 0.925568
0.385760 0.435173 0.911131
0.365987 0.420152 0.928871
0.365111 0.464944 0.887834
0.368262 0.470038 0.874353
0.361345 0.483579 0.871897
0.350704 0.486439 0.877363
0.363641 0.460313 0.863218
0.372984 0.450335 0.855979
0.366983 0.446892 0.842337
0.386797 0.456144 0.853936
0.367517 0.491815 0.863430
0.362231 0.505064 0.859674
0.355667 0.512988 0.871272
0.345619 0.519934 0.869319
0.352254 0.503594 0.847925
0.356885 0.494000 0.836971
0.370396 0.493083 0.833367
0.347553 0.485925 0.830175
0.374524 0.484324 0.823218
0.351660 0.477146 0.820017
0.365161 0.476371 0.816564
0.361507 0.511951 0.883273
0.356312 0.518907 0.895194
0.341321 0.516763 0.897368
0.334635 0.525160 0.903580
0.359402 0.534060 0.894559
0.372632 0.537875 0.900902
0.383908 0.530405 0.893975
0.383978 0.533204 0.879518
0.391499 0.526629 0.870628
0.399523 0.516773 0.874685
0.390955 0.529932 0.857691
0.336156 0.505477 0.892344
0.321940 0.502336 0.893865
0.312859 0.507279 0.882589
0.300737 0.505054 0.883062
0.318446 0.514337 0.872672
0.310533 0.519270 0.861366
0.310714 0.509272 0.849878
0.321487 0.504591 0.845539
0.316080 0.532600 0.856080
0.314772 0.543866 0.866077
0.305539 0.543332 0.874554
0.323067 0.553350 0.865544
0.298834 0.506846 0.844291
0.297082 0.497554 0.833105
0.293559 0.506393 0.820973
0.285112 0.515323 0.822111
0.285504 0.487808 0.836528
0.280732 0.476522 0.827115
0.291152 0.465588 0.826440
0.267543 0.470793 0.832410
0.300646 0.504671 0.809556
0.298220 0.512555 0.797253
0.285474 0.507823 0.790156
0.282393 0.495711 0.790206
0.310442 0.509363 0.788464
0.320772 0.503876 0.798119
0.312446 0.495872 0.807875
0.278547 0.517276 0.783561
0.266013 0.514498 0.776242
0.267312 0.501993 0.767443
0.258925 0.492892 0.768198
0.262016 0.526750 0.767624
0.278175 0.501500 0.759580
0.281155 0.490355 0.750458
0.280209 0.476492 0.757123
0.272034 0.468115 0.753025
0.295089 0.492358 0.744276
0.299992 0.480549 0.735729
0.297968 0.482472 0.720506
0.300536 0.469756 0.713328
0.305791 0.468639 0.701035
0.309325 0.479582 0.694088
0.307362 0.456457 0.695639
0.288172 0.474246 0.767614
0.288213 0.461370 0.774883
0.275114 0.457987 0.782514
0.275195 0.449862 0.791968
0.300264 0.460766 0.784487
0.313906 0.459789 0.777410
0.325282 0.464179 0.786773
0.315829 0.445462 0.772013
0.264181 0.464964 0.779111
0.251163 0.462235 0.785303
0.243521 0.453758 0.775114
0.235880 0.444748 0.778789
0.243582 0.475283 0.788364
0.248898 0.482834 0.801029
0.246179 0.456618 0.762258
0.240441 0.449741 0.750488
0.247307 0.435878 0.749280
0.259710 0.435052 0.749179
0.244146 0.457785 0.737511
0.238044 0.451262 0.724866
0.239806 0.472344 0.738810
0.239555 0.425035 0.748364
0.245726 0.411715 0.746965
0.253629 0.410799 0.733645
0.250367 0.417705 0.723788
0.235115 0.400459 0.747740
0.264130 0.402402 0.733725
0.273081 0.400127 0.722198
0.280893 0.412631 0.717758
0.285424 0.413517 0.706311
0.265308 0.394126 0.710348
0.260637 0.379790 0.712945
0.255411 0.373215 0.703924
0.262509 0.374857 0.725248
0.282877 0.422045 0.727030
0.290095 0.434398 0.723919
0.305036 0.432334 0.725017
0.312839 0.441053 0.720939
0.285867 0.445714 0.733443
0.288404 0.442180 0.746944
0.308952 0.421008 0.731007
0.323007 0.417383 0.732859
0.324688 0.404506 0.724856
0.321879 0.393553 0.729587
0.326168 0.415027 0.747830
0.340797 0.416658 0.752542
0.340968 0.415068 0.767674
0.350361 0.406510 0.745726
0.328182 0.406349 0.712170
0.330206 0.395536 0.702696
0.342116 0.386898 0.706814
0.351167 0.391801 0.713700
0.332733 0.401587 0.688742
0.321134 0.409581 0.682520
0.326450 0.417806 0.670841
0.309909 0.400127 0.677839
0.342136 0.374202 0.702384
0.353180 0.364899 0.705324
0.365352 0.369349 0.697169
0.376920 0.366943 0.700975
0.349294 0.350210 0.701569
0.337756 0.346284 0.709230
0.360631 0.340445 0.704468
0.362644 0.376437 0.686175
0.373316 0.381310 0.677365
0.383032 0.390140 0.685198
0.395123 0.390291 0.682359
0.367447 0.389203 0.665606
0.376860 0.389686 0.653927
0.377827 0.397479 0.695115
0.386384 0.406097 0.703230
0.396341 0.396966 0.710660
0.408443 0.399845 0.710972
0.377978 0.414393 0.713257
0.367114 0.422941 0.706794
0.367195 0.425377 0.692950
0.356483 0.428206 0.714395
0.356996 0.432646 0.686819
0.346062 0.435626 0.708314
0.346435 0.437700 0.694461
0.336095 0.444234 0.687836
0.391559 0.385408 0.715502
0.400137 0.376155 0.723013
0.412500 0.371393 0.715120
0.421571 0.364819 0.720476
0.391922 0.364235 0.728077
0.378974 0.367406 0.735930
0.375591 0.355184 0.744870
0.380414 0.380162 0.744448
0.412520 0.374655 0.702203
0.423363 0.371303 0.693081
0.434972 0.381119 0.695538
0.445563 0.377061 0.700572
0.418400 0.372440 0.678302
0.409238 0.361617 0.675432
0.430018 0.372279 0.668415
0.432837 0.394066 0.692739
0.443580 0.403933 0.694602
0.448765 0.404023 0.709069
0.460997 0.403570 0.711586
0.438959 0.418017 0.690383
0.437267 0.419437 0.675140
0.442251 0.410456 0.667630
0.430975 0.429595 0.670690
0.439321 0.403822 0.718543
0.442553 0.403993 0.732859
0.453003 0.393442 0.736836
0.461269 0.395969 0.745666
0.429867 0.401818 0.741226
0.433069 0.402996 0.755965
0.419165 0.411926 0.737179
0.452792 0.381914 0.729940
0.461923 0.370588 0.732487
0.476804 0.372319 0.728671
0.485452 0.365030 0.733957
0.456406 0.357842 0.725903
0.448040 0.349274 0.735346
0.456567 0.342821 0.746360
0.465961 0.335109 0.742877
0.454131 0.345549 0.758442
0.479784 0.382005 0.719812
0.493657 0.384844 0.715392
0.501228 0.394187 0.725158
0.512474 0.398637 0.722248
0.493587 0.391378 0.701377
0.484586 0.384260 0.691148
0.482462 0.392606 0.678402
0.471770 0.386898 0.669976
0.472625 0.375088 0.663653
0.483791 0.367779 0.664499
0.462457 0.370648 0.656293
0.495208 0.397016 0.736766
0.501460 0.405976 0.746602
0.512091 0.399764 0.755935
0.509373 0.389968 0.763184
0.490587 0.412883 0.755230
0.486278 0.426525 0.749653
0.494352 0.433029 0.742303
0.474901 0.430864 0.752945
0.524364 0.405433 0.755955
0.535127 0.400328 0.764634
0.531764 0.404456 0.779162
0.521072 0.410305 0.781759
0.547661 0.408050 0.759600
0.544409 0.411493 0.745404
0.529670 0.415611 0.746602
0.541510 0.402442 0.788192
0.540261 0.405755 0.802509
0.537765 0.420857 0.805308
0.526942 0.424954 0.810050
0.553058 0.401033 0.809899
0.548175 0.428961 0.803294
0.547309 0.443469 0.805539
0.542738 0.449439 0.792330
0.550118 0.457363 0.785967
0.530828 0.445483 0.787759
0.526227 0.450708 0.774993
0.511568 0.447093 0.772134
0.508568 0.436814 0.765620
0.502557 0.455782 0.776886
0.488261 0.453859 0.775044
0.482824 0.463625 0.764432
0.472827 0.470723 0.766818
0.489066 0.463574 0.752562
0.484898 0.472595 0.741719
0.471830 0.468286 0.734964
0.462246 0.476169 0.733937
0.496164 0.474005 0.731178
0.509121 0.479945 0.736826
0.508729 0.490738 0.745877
0.521716 0.474287 0.733705
0.520317 0.495631 0.751696
0.533415 0.479180 0.739555
0.532570 0.489852 0.748555
0.543966 0.494795 0.754616
0.471266 0.455671 0.730534
0.459205 0.450647 0.723808
0.447053 0.450537 0.733121
0.435717 0.452913 0.728571
0.461591 0.436613 0.718160
0.470068 0.436774 0.705495
0.481274 0.431398 0.705304
0.464793 0.442895 0.694843
0.449399 0.447687 0.746038
0.438606 0.447436 0.756005
0.433592 0.461722 0.757314
0.421753 0.464531 0.755019
0.443630 0.442674 0.769819
0.449701 0.429696 0.768500
0.432102 0.441717 0.779786
0.442996 0.470783 0.760174
0.440126 0.485100 0.761724
0.431720 0.490738 0.750126
0.420927 0.496517 0.752260
0.453275 0.492952 0.762922
0.451362 0.507521 0.766013
0.448251 0.512152 0.778739
0.451986 0.518515 0.758019
0.447013 0.525391 0.778406
0.449228 0.529489 0.765942
0.436613 0.488976 0.737873
0.429384 0.493828 0.726184
0.415158 0.488100 0.725903
0.405755 0.495087 0.721986
0.436955 0.490123 0.713197
0.428428 0.490516 0.700411
0.420454 0.479472 0.696655
0.428418 0.501792 0.692004
0.412732 0.479663 0.684957
0.420675 0.502054 0.680205
0.412873 0.490949 0.676792
0.405141 0.491181 0.665264
0.413537 0.475525 0.730191
0.400328 0.469082 0.729920
0.390220 0.476119 0.738789
0.379296 0.479784 0.734239
0.401224 0.454302 0.734017
0.387693 0.447134 0.734078
0.389586 0.430059 0.739555
0.384300 0.431267 0.756519
0.393985 0.478052 0.751445
0.385196 0.484556 0.761130
0.380434 0.498349 0.756167
0.368292 0.501017 0.755844
0.392304 0.485996 0.774722
0.397771 0.473612 0.782172
0.399583 0.477035 0.797113
0.388116 0.461712 0.780531
0.389908 0.506625 0.751566
0.387059 0.520297 0.746884
0.381008 0.521656 0.732729
0.371574 0.529499 0.730353
0.399865 0.528502 0.746884
0.408312 0.523770 0.736192
0.407255 0.526781 0.760023
0.386827 0.514347 0.723235
0.382337 0.514749 0.709401
0.370648 0.505739 0.705052
0.361295 0.510461 0.698125
0.394267 0.512524 0.700219
0.400228 0.525401 0.695618
0.393150 0.532147 0.687735
0.411665 0.528794 0.699938
0.371413 0.492731 0.708163
0.360600 0.483781 0.704126
0.348741 0.485422 0.713781
0.337555 0.488341 0.709351
0.365443 0.469102 0.703149
0.375682 0.466907 0.691773
0.374212 0.473079 0.680819
0.385307 0.459024 0.693806
0.351388 0.484908 0.726930
0.340656 0.486328 0.737038
0.337958 0.500836 0.741699
0.328806 0.503322 0.749824
0.343586 0.477518 0.749300
0.345801 0.462558 0.746411
0.349153 0.455047 0.759358
0.333397 0.456587 0.739625
0.345901 0.510370 0.736675
0.344250 0.524475 0.740451
0.343958 0.527133 0.755854
0.337726 0.537060 0.760244
0.331424 0.530385 0.734209
0.330095 0.528069 0.719358
0.338985 0.520277 0.712039
0.320681 0.532398 0.710469
0.335078 0.519864 0.699283
0.324014 0.527163 0.698085
0.349818 0.518374 0.764160
0.349858 0.521112 0.778618
0.355637 0.535368 0.780289
0.366581 0.538228 0.775255
0.359020 0.511367 0.786431
0.358094 0.514206 0.801482
0.355113 0.496919 0.783692
0.348287 0.544409 0.787186
0.351449 0.558615 0.790176
0.365222 0.561716 0.796670
0.373497 0.568814 0.790790
0.339941 0.562622 0.799559
0.328645 0.554447 0.794525
0.335058 0.540896 0.792763
0.367265 0.557246 0.809134
0.379911 0.559441 0.816332
0.385669 0.545487 0.818960
0.378783 0.537050 0.824920
0.377525 0.566317 0.830055
0.390713 0.570012 0.836538
0.368765 0.578640 0.828293
0.398204 0.543131 0.814711
0.404748 0.530032 0.816372
0.418430 0.530908 0.823480
0.426243 0.540402 0.821215
0.406449 0.522995 0.802579
0.415047 0.531512 0.793478
0.412762 0.509101 0.804210
0.421380 0.520830 0.831857
0.434005 0.520216 0.839448
0.442080 0.507289 0.837374
0.436583 0.496688 0.834021
0.431267 0.521253 0.854580
0.423917 0.533647 0.859131
0.426505 0.536697 0.873809
0.430844 0.527515 0.881260
0.424400 0.548366 0.877917
0.455289 0.507913 0.839841
0.464199 0.496285 0.838431
0.458571 0.483740 0.845529
0.458953 0.472696 0.839911
0.477237 0.501309 0.844864
0.477760 0.515484 0.839700
0.463323 0.520347 0.841532
0.453164 0.485321 0.857661
0.447546 0.473572 0.864517
0.436260 0.467390 0.856211
0.435284 0.455158 0.855124
0.441345 0.476683 0.878209
0.442382 0.491593 0.881471
0.447164 0.467380 0.888851
0.431086 0.496305 0.890713
0.427854 0.475928 0.850210
0.416517 0.471055 0.842347
0.421340 0.462658 0.830548
0.415833 0.451795 0.827749
0.407889 0.482764 0.837364
0.402442 0.491352 0.848720
0.397711 0.485855 0.859000
0.402835 0.503735 0.847170
0.431690 0.467773 0.823752
0.437569 0.460917 0.812224
0.443399 0.447516 0.816805
0.440439 0.436935 0.810875
0.448573 0.469605 0.805982
0.443076 0.481838 0.798754
0.450436 0.491473 0.796116
0.430270 0.481364 0.794978
0.451453 0.447919 0.827487
0.457604 0.435747 0.832994
0.446842 0.425407 0.837142
0.447406 0.413688 0.833105
0.466726 0.439210 0.844915
0.472223 0.426827 0.851700
0.485291 0.429304 0.858889
0.484898 0.424743 0.872833
0.495590 0.424411 0.880857
0.507581 0.428297 0.876125
0.494281 0.420675 0.893653
0.437076 0.429908 0.845187
0.425850 0.421471 0.849747
0.418410 0.415420 0.837646
0.415621 0.403439 0.837555
0.415641 0.429746 0.858537
0.421179 0.431690 0.872783
0.401728 0.423394 0.858416
0.412712 0.440640 0.881421
0.415692 0.423565 0.827326
0.408513 0.418773 0.815396
0.416205 0.408634 0.806596
0.410094 0.399382 0.801069
0.402916 0.430653 0.806878
0.397036 0.425709 0.793710
0.391911 0.437761 0.814560
0.429455 0.410154 0.805268
0.437307 0.400580 0.797113
0.438052 0.386938 0.804351
0.439130 0.376357 0.798079
0.451594 0.405906 0.794374
0.459225 0.398395 0.783289
0.473068 0.393925 0.788142
0.481626 0.388005 0.777651
0.479049 0.376518 0.771127
0.467904 0.369480 0.773826
0.487838 0.371866 0.762016
0.437398 0.387250 0.817661
0.437801 0.374937 0.825534
0.424260 0.367769 0.823792
0.423706 0.355486 0.822171
0.440398 0.378340 0.840294
0.442059 0.366289 0.849324
0.453799 0.358677 0.849113
0.431911 0.362684 0.858345
0.455430 0.347764 0.857711
0.433371 0.351821 0.866943
0.445130 0.344411 0.866641
0.446660 0.333890 0.875430
0.413336 0.375471 0.823802
0.400087 0.369621 0.821900
0.399583 0.362312 0.808278
0.395012 0.350895 0.807613
0.389223 0.380484 0.823007
0.404839 0.368665 0.797656
0.405443 0.362684 0.784065
0.413537 0.349566 0.784105
0.408584 0.339116 0.779745
0.412208 0.372219 0.773906
0.402664 0.386656 0.768359
0.426263 0.350543 0.788313
0.435485 0.339096 0.789320
0.429001 0.327044 0.796519
0.430200 0.315627 0.791958
0.448372 0.343284 0.796931
0.457655 0.331555 0.800385
0.468085 0.334897 0.811228
0.464340 0.336186 0.823239
0.480166 0.335874 0.807795
0.422326 0.329612 0.807845
0.415813 0.318970 0.815507
0.405402 0.311963 0.806888
0.405926 0.299710 0.804976
0.408886 0.324477 0.828162
0.418299 0.329199 0.839126
0.431539 0.317621 0.842368
0.424934 0.308570 0.856150
0.396190 0.319896 0.801381
0.385458 0.314590 0.793075
0.390411 0.307241 0.780672
0.385891 0.296237 0.777772
0.375773 0.325856 0.788897
0.365191 0.320641 0.779021
0.369229 0.331867 0.801532
0.399885 0.313251 0.773493
0.405241 0.307382 0.761130
0.414081 0.295049 0.763476
0.414453 0.285998 0.755009
0.412651 0.318356 0.752562
0.425296 0.312647 0.745958
0.402996 0.324215 0.742021
0.420987 0.294666 0.774953
0.429757 0.283370 0.778527
0.421692 0.270523 0.781004
0.425156 0.259710 0.775960
0.437761 0.286733 0.791132
0.452137 0.290931 0.788716
0.462004 0.283481 0.798019
0.410970 0.271802 0.788958
0.402171 0.260516 0.792179
0.394378 0.255784 0.779786
0.390975 0.243904 0.778547
0.392183 0.264704 0.802932
0.382317 0.253841 0.806959
0.371564 0.259499 0.816131
0.362836 0.269094 0.809214
0.350835 0.272889 0.813714
0.346012 0.267986 0.825172
0.343545 0.281487 0.806657
0.391287 0.265218 0.770815
0.383908 0.262237 0.758583
0.391720 0.252029 0.750418
0.386827 0.240944 0.747820
0.381954 0.274933 0.750690
0.404214 0.255613 0.746995
0.413094 0.246874 0.739061
0.414665 0.233212 0.745847
0.411816 0.222822 0.739826
0.426887 0.253529 0.737007
0.418571 0.233272 0.758583
0.420242 0.220859 0.766093
0.407688 0.212069 0.765671
0.408715 0.199827 0.764855
0.423978 0.223980 0.780621
0.438093 0.229084 0.782393
0.447637 0.227544 0.772245
0.442049 0.235266 0.794253
0.460695 0.231963 0.773886
0.455148 0.239786 0.795985
0.464380 0.238075 0.785716
0.477267 0.242615 0.787216
0.395798 0.218181 0.766164
0.383535 0.210177 0.765681
0.382256 0.202585 0.752250
0.379760 0.190403 0.752220
0.371081 0.218744 0.768761
0.368312 0.222228 0.783581
0.356150 0.231279 0.784971
0.366188 0.209502 0.791595
0.384723 0.209472 0.740984
0.383918 0.203159 0.727614
0.394660 0.192236 0.726899
0.392324 0.181272 0.721271
0.386233 0.213529 0.716711
0.406178 0.195276 0.733131
0.417474 0.186044 0.733685
0.413869 0.173157 0.741004
0.417826 0.162203 0.736826
0.406188 0.174254 0.751868
0.402221 0.162314 0.759278
0.393462 0.154280 0.749784
0.395647 0.142329 0.747840
0.394499 0.166039 0.771832
0.384048 0.161176 0.743239
0.374977 0.154642 0.733786
0.381964 0.146497 0.722892
0.377625 0.135262 0.719952
0.392636 0.151853 0.716741
0.399462 0.144091 0.706351
0.406097 0.132030 0.712905
0.406017 0.121136 0.707166
0.410386 0.151934 0.698619
0.404587 0.164458 0.692044
0.416417 0.142933 0.687433
0.415219 0.172442 0.685077
0.411685 0.133782 0.724936
0.418088 0.122566 0.731843
0.407768 0.111753 0.734490
0.411121 0.100064 0.735769
0.424098 0.127087 0.744729
0.395113 0.115730 0.735588
0.384361 0.106125 0.737853
0.380917 0.098705 0.724946
0.377595 0.086765 0.725258
0.371776 0.113062 0.742978
0.357399 0.102491 0.740380
0.381310 0.105934 0.713670
0.378400 0.100175 0.700441
0.389364 0.090017 0.697048
0.386555 0.078650 0.693061
0.377796 0.111290 0.689588
0.364618 0.119193 0.690746
0.379307 0.105410 0.675795
0.352113 0.110666 0.689507
0.401909 0.094104 0.699001
0.413517 0.085446 0.696424
0.412762 0.072670 0.705032
0.418158 0.062179 0.701226
0.426686 0.092987 0.699454
0.429525 0.105541 0.691138
0.443882 0.109720 0.693414
0.427189 0.102813 0.676419
0.406490 0.073797 0.716791
0.404899 0.062320 0.725772
0.393673 0.053027 0.721030
0.392797 0.041530 0.725309
0.402040 0.066971 0.740098
0.414081 0.073234 0.746783
0.413477 0.071925 0.761935
0.422820 0.081268 0.768389
0.419628 0.089201 0.778708
0.407305 0.089000 0.783984
0.428901 0.097286 0.783863
0.385136 0.058253 0.712190
0.373971 0.050712 0.706562
0.378451 0.044973 0.693122
0.379256 0.032751 0.691541
0.361748 0.059924 0.704992
0.350100 0.053863 0.697582
0.336911 0.059803 0.702606
0.331585 0.052554 0.714335
0.326934 0.039919 0.714244
0.326772 0.032640 0.703119
0.322252 0.034593 0.725419
0.381602 0.053672 0.683477
0.386425 0.049081 0.670358
0.396955 0.037855 0.672382
0.396210 0.027254 0.666019
0.392314 0.061041 0.662173
0.380867 0.069257 0.656022
0.401838 0.056310 0.651451
0.384582 0.076385 0.643296
0.406369 0.040130 0.681644
0.416789 0.030365 0.685108
0.427673 0.027546 0.674285
0.437670 0.020639 0.677154
0.410285 0.017125 0.690162
0.425901 0.032962 0.662143
0.435656 0.031049 0.651400
0.449107 0.036244 0.656515
0.449510 0.045970 0.664136
0.431529 0.039083 0.638926
0.419276 0.033586 0.631899
0.415470 0.041238 0.619022
0.404637 0.033808 0.612327
0.398909 0.037090 0.600658
0.402835 0.047933 0.593913
0.389133 0.029378 0.595715
0.460121 0.030093 0.652145
0.473421 0.034352 0.656616
0.478868 0.046644 0.649055
0.489207 0.052323 0.653082
0.483257 0.022743 0.655649
0.472042 0.050752 0.638242
0.476240 0.062441 0.630258
0.463907 0.070535 0.625888
0.457463 0.067465 0.615881
0.484173 0.057779 0.617985
0.496386 0.066347 0.614864
0.508940 0.057830 0.612508
0.509262 0.050118 0.602521
0.518505 0.058816 0.620754
0.460655 0.080905 0.633550
0.449006 0.089181 0.630751
0.452258 0.103377 0.625788
0.459507 0.110867 0.632533
0.440418 0.090872 0.643568
0.426797 0.096923 0.640024
0.438888 0.077563 0.650968
0.447214 0.106901 0.613888
0.448684 0.120512 0.608401
0.435082 0.127066 0.611934
0.424350 0.121187 0.609317
0.451000 0.120593 0.592866
0.464672 0.116928 0.589926
0.448181 0.134416 0.586946
0.435566 0.138936 0.618076
0.423504 0.146165 0.622385
0.421279 0.158569 0.613606
0.430049 0.167257 0.612881
0.425276 0.150625 0.637245
0.412832 0.157643 0.642470
0.429022 0.138644 0.645903
0.409611 0.159666 0.607172
0.407054 0.171274 0.598534
0.400479 0.182611 0.606236
0.389304 0.180758 0.610867
0.406903 0.194310 0.607484
0.400842 0.205435 0.615287
0.395425 0.217144 0.606941
0.398939 0.218956 0.595262
0.410940 0.212029 0.625496
0.403530 0.216328 0.638071
0.422588 0.202887 0.629030
0.387019 0.225369 0.613183
0.381652 0.237420 0.606760
0.374967 0.245474 0.617804
0.371856 0.239947 0.628466
0.371645 0.234209 0.595453
0.371605 0.245001 0.584459
0.378491 0.255381 0.586171
0.364779 0.243179 0.574089
0.373628 0.258573 0.615599
0.367366 0.267271 0.625496
0.376226 0.278970 0.629765
0.388196 0.277259 0.632272
0.370115 0.290790 0.630973
0.376941 0.303173 0.634859
0.386445 0.301593 0.646578
0.397026 0.308076 0.647081
0.366571 0.313604 0.638816
0.355577 0.313050 0.629825
0.382407 0.293518 0.656404
0.390754 0.291706 0.668143
0.404476 0.285907 0.664509
0.414957 0.291434 0.668314
0.383334 0.283310 0.678634
0.374786 0.292713 0.687202
0.368957 0.285162 0.699052
0.383646 0.304150 0.692346
0.404285 0.275225 0.656555
0.416497 0.268822 0.652236
0.424330 0.278990 0.643759
0.436019 0.281860 0.646558
0.413175 0.256126 0.643900
0.425377 0.249320 0.637638
0.433280 0.240320 0.645108
0.429283 0.252290 0.624419
0.444808 0.234450 0.639591
0.440720 0.246552 0.618781
0.448473 0.237622 0.626362
0.459618 0.231631 0.620623
0.417574 0.284840 0.633812
0.423766 0.294364 0.624469
0.429213 0.307744 0.629372
0.441184 0.310573 0.627842
0.414312 0.296982 0.612720
0.413618 0.285232 0.603296
0.405392 0.288162 0.590862
0.390764 0.285092 0.593047
0.384300 0.283007 0.579717
0.420383 0.316000 0.635080
0.423796 0.329541 0.639470
0.429233 0.331424 0.653595
0.432535 0.342811 0.657401
0.411443 0.338703 0.637899
0.404969 0.338119 0.624187
0.411564 0.343042 0.612961
0.392203 0.332582 0.622546
0.405533 0.342478 0.600266
0.386133 0.332008 0.609901
0.392848 0.336971 0.598756
0.430492 0.320651 0.661418
0.435032 0.322393 0.675322
0.449167 0.317812 0.679389
0.452379 0.305771 0.679137
0.424189 0.317127 0.685047
0.411564 0.325454 0.684977
0.405876 0.330679 0.696504
0.403792 0.329843 0.674637
0.395234 0.337968 0.693293
0.393754 0.337626 0.680084
0.457715 0.327467 0.683628
0.471589 0.324980 0.687886
0.471770 0.315627 0.699948
0.465689 0.318648 0.710267
0.476582 0.339055 0.691682
0.468588 0.347885 0.683134
0.454755 0.341915 0.684423
0.478324 0.304069 0.698297
0.479391 0.293820 0.708807
0.467783 0.283491 0.709744
0.469595 0.272990 0.715754
0.482220 0.300163 0.722651
0.496204 0.305922 0.724292
0.456336 0.285686 0.703189
0.445472 0.275728 0.704226
0.449399 0.261311 0.700532
0.448030 0.252180 0.708737
0.432837 0.279756 0.696363
0.420373 0.272023 0.700632
0.417212 0.259690 0.694823
0.411957 0.277007 0.710599
0.405966 0.252572 0.698860
0.400671 0.269889 0.714677
0.397680 0.257677 0.708797
0.453829 0.259127 0.688158
0.457947 0.245666 0.683889
0.470592 0.241810 0.691581
0.472847 0.229980 0.694682
0.460766 0.245404 0.668757
0.477458 0.239504 0.664146
0.478626 0.252039 0.694853
0.491130 0.250136 0.702173
0.488432 0.243330 0.715704
0.495782 0.234309 0.719711
0.498087 0.263728 0.704247
0.505447 0.269708 0.692024
0.497483 0.269245 0.678795
0.486257 0.275275 0.677829
0.502829 0.262942 0.669100
0.477629 0.247408 0.722459
0.473894 0.241860 0.735558
0.465024 0.229195 0.734752
0.467128 0.219540 0.742243
0.467008 0.252663 0.744075
0.475777 0.264563 0.747689
0.467471 0.274379 0.755492
0.474337 0.286954 0.758734
0.468316 0.298915 0.758210
0.455651 0.299740 0.753992
0.474991 0.310100 0.761452
0.454826 0.229517 0.726124
0.445915 0.217979 0.724080
0.454493 0.205203 0.722812
0.453164 0.195790 0.730957
0.437589 0.220093 0.711214
0.429968 0.207871 0.705988
0.418591 0.213167 0.692900
0.429938 0.219842 0.680688
0.463695 0.205334 0.712986
0.472948 0.194239 0.710156
0.480287 0.189437 0.722933
0.481817 0.177386 0.725248
0.483358 0.198659 0.699505
0.476431 0.203552 0.687917
0.492238 0.186990 0.695296
0.484657 0.198810 0.731359
0.491523 0.194722 0.743572
0.481999 0.186296 0.752139
0.486167 0.176026 0.757838
0.496748 0.206894 0.751455
0.508306 0.214143 0.744266
0.511961 0.210247 0.732648
0.513743 0.223879 0.750327
0.469112 0.189991 0.752653
0.459799 0.182107 0.760818
0.457383 0.168123 0.754666
0.457957 0.157965 0.761875
0.446660 0.189578 0.763184
0.437428 0.182631 0.773282
0.445583 0.177335 0.788736
0.454815 0.191803 0.794143
0.455188 0.167459 0.741387
0.453094 0.154461 0.734601
0.465578 0.145863 0.736877
0.464813 0.133520 0.736836
0.451845 0.155709 0.719228
0.448765 0.142007 0.713328
0.441314 0.166019 0.715261
0.476975 0.152468 0.739091
0.489499 0.145470 0.741135
0.490808 0.138634 0.754747
0.496970 0.128033 0.755774
0.501057 0.155085 0.738850
0.510471 0.150243 0.728218
0.514327 0.138403 0.728742
0.514125 0.158247 0.719338
0.485301 0.144665 0.765298
0.486096 0.138493 0.778719
0.475434 0.127610 0.780662
0.476320 0.119646 0.790125
0.484234 0.149075 0.789833
0.496084 0.158367 0.791777
0.492107 0.170560 0.799911
0.503544 0.180567 0.800596
0.508538 0.184010 0.786884
0.465145 0.127640 0.771993
0.453950 0.118086 0.772940
0.452178 0.108169 0.761352
0.443539 0.099259 0.762197
0.440781 0.125778 0.774621
0.441012 0.137094 0.784880
0.427199 0.143376 0.786169
0.445785 0.131476 0.798321
0.459779 0.109709 0.750448
0.458118 0.100437 0.739142
0.464370 0.086956 0.742223
0.472434 0.085879 0.751545
0.464390 0.106045 0.726164
0.479502 0.106206 0.725903
0.484626 0.112196 0.712875
0.500010 0.111381 0.712301
0.504873 0.097195 0.713871
0.460111 0.076254 0.734913
0.465830 0.062783 0.737118
0.481012 0.064062 0.734269
0.484979 0.068814 0.723386
0.458853 0.054346 0.726225
0.445553 0.060619 0.725188
0.448906 0.075539 0.725198
0.489378 0.060035 0.743924
0.503916 0.061072 0.742494
0.509756 0.055685 0.729165
0.520700 0.059964 0.724825
0.510783 0.054387 0.754284
0.502567 0.046544 0.722560
0.507561 0.040835 0.710096
0.500373 0.046443 0.697874
0.501480 0.040684 0.686960
0.506061 0.025532 0.710287
0.513733 0.018918 0.721765
0.511387 0.007068 0.724926
0.522884 0.026448 0.728158
0.492278 0.056944 0.699646
0.485381 0.062894 0.688118
0.494241 0.074321 0.683215
0.500564 0.081389 0.691229
0.471599 0.069357 0.691793
0.462648 0.059390 0.697189
0.465105 0.075771 0.679359
0.495228 0.075942 0.670127
0.502879 0.087057 0.664801
0.491764 0.094557 0.657542
0.483700 0.088305 0.650494
0.513521 0.082063 0.655055
0.490677 0.107646 0.659817
0.480046 0.115498 0.653303
0.485553 0.129020 0.648974
0.496033 0.133319 0.654139
0.468427 0.118056 0.663260
0.470078 0.130731 0.671536
0.478757 0.131063 0.682530
0.462980 0.142339 0.668284
0.480348 0.142772 0.690172
0.464521 0.154089 0.675855
0.473230 0.154300 0.686829
0.478324 0.135866 0.639994
0.482482 0.149296 0.635876
0.470884 0.157592 0.630198
0.463162 0.152780 0.621751
0.494211 0.148732 0.625919
0.488976 0.144675 0.609468
0.469484 0.169945 0.635091
0.458833 0.178866 0.630318
0.462095 0.184655 0.616425
0.472122 0.191682 0.614713
0.456316 0.190202 0.640487
0.450456 0.185561 0.653988
0.449600 0.197109 0.663895
0.436673 0.179460 0.651793
0.453648 0.181604 0.606558
0.455560 0.186316 0.592785
0.443721 0.195639 0.589544
0.432243 0.191068 0.588577
0.455631 0.174063 0.583382
0.459628 0.176520 0.568693
0.459487 0.163099 0.560840
0.468679 0.162878 0.549262
0.467410 0.170570 0.538328
0.457212 0.179188 0.537402
0.476461 0.169804 0.528401
0.446258 0.208767 0.588688
0.435566 0.218533 0.585688
0.428921 0.215432 0.572267
0.435747 0.212452 0.562441
0.441143 0.232950 0.585476
0.432727 0.243380 0.577774
0.425629 0.252723 0.587379
0.441647 0.251324 0.568431
0.415581 0.216237 0.571975
0.407627 0.213559 0.559924
0.406097 0.226305 0.551185
0.395073 0.232195 0.549886
0.393945 0.208193 0.564082
0.385589 0.206411 0.552836
0.417142 0.229859 0.544510
0.418189 0.241709 0.536013
0.406449 0.245887 0.527173
0.401959 0.257355 0.528059
0.430683 0.240571 0.527324
0.442382 0.249149 0.532147
0.455158 0.246260 0.524223
0.455661 0.250055 0.512122
0.464521 0.239977 0.530103
0.401486 0.236736 0.518686
0.390562 0.239776 0.509091
0.376236 0.238145 0.514558
0.366581 0.236544 0.506796
0.392465 0.231289 0.496305
0.374947 0.237773 0.527888
0.361758 0.236514 0.534180
0.353825 0.223718 0.531251
0.358698 0.214355 0.524576
0.341351 0.223436 0.536204
0.332541 0.211908 0.534392
0.327256 0.210458 0.520106
0.322544 0.199646 0.516380
0.320883 0.212462 0.544359
0.327900 0.221271 0.512172
0.323178 0.220788 0.498238
0.329058 0.209130 0.490083
0.321658 0.199887 0.486398
0.342247 0.209341 0.487455
0.348871 0.198518 0.479784
0.345952 0.184604 0.485794
0.345630 0.174587 0.478505
0.364205 0.200753 0.479270
0.372511 0.188903 0.473471
0.344119 0.184121 0.499094
0.341230 0.171597 0.506091
0.326692 0.167257 0.504722
0.323853 0.155347 0.503040
0.317369 0.176802 0.505004
0.303173 0.173429 0.503665
0.299901 0.169210 0.489076
0.291595 0.160220 0.486892
0.294354 0.185309 0.508084
0.306566 0.175453 0.479210
0.304281 0.172362 0.465024
0.308006 0.157914 0.461480
0.300244 0.150978 0.454775
0.311701 0.181956 0.456316
0.319886 0.153354 0.465739
0.323802 0.139369 0.463202
0.312677 0.130560 0.469212
0.307543 0.121670 0.462457
0.337233 0.136087 0.469706
0.308268 0.133500 0.481515
0.297455 0.125466 0.487425
0.284981 0.125677 0.478193
0.279182 0.115055 0.474881
0.293478 0.130258 0.501661
0.305439 0.128758 0.511367
0.281205 0.122425 0.506313
0.302036 0.130610 0.526207
0.281145 0.137668 0.473703
0.269637 0.139017 0.464712
0.271288 0.129895 0.452258
0.261573 0.123855 0.447557
0.268077 0.153575 0.460484
0.283722 0.128234 0.447526
0.286712 0.119898 0.435727
0.280289 0.105622 0.435898
0.280551 0.098313 0.425679
0.302116 0.119203 0.433492
0.274279 0.101937 0.447335
0.267563 0.088929 0.448976
0.253217 0.091758 0.453889
0.243491 0.085416 0.449248
0.274873 0.080211 0.459578
